7.5,1109.0
8.0,1775.0
8.5,1886.0
9.0,1109.0
9.5,1442.0
10.0,1553.0
10.5,1331.0
11.0,1220.0
11.5,887.0
12.0,1109.0
12.5,1775.0
13.0,1553.0
13.5,1553.0
14.0,1442.0
14.5,1775.0
15.0,1775.0
15.5,1442.0
16.0,1553.0
16.5,1109.0
17.0,1331.0
17.5,665.0
18.0,1553.0
18.5,1553.0
19.0,1775.0
19.5,2441.0
20.0,1886.0
20.5,1664.0
21.0,1664.0
21.5,1442.0
22.0,1109.0
22.5,887.0
23.0,1220.0
23.6,1997.0
24.1,1331.0
24.6,1442.0
25.1,1331.0
25.6,1442.0
26.1,1442.0
26.6,1331.0
27.1,1331.0
27.6,1331.0
28.1,998.0
28.6,1220.0
29.1,1553.0
29.6,998.0
30.1,1664.0
30.6,1553.0
31.1,1220.0
31.6,1553.0
32.1,1109.0
32.6,1331.0
33.1,887.0
33.6,887.0
34.1,1109.0
34.6,887.0
35.1,998.0
35.6,998.0
36.1,998.0
36.6,1553.0
37.1,1553.0
37.6,998.0
38.1,1109.0
38.6,1109.0
39.1,1331.0
39.6,887.0
40.1,665.0
40.6,887.0
41.1,998.0
41.6,1109.0
42.1,1775.0
42.6,1886.0
43.1,1664.0
43.6,1220.0
44.1,998.0
44.6,1553.0
45.1,665.0
45.6,776.0
46.2,1109.0
46.7,1109.0
47.2,998.0
47.7,1775.0
48.2,2552.0
48.7,1331.0
49.2,1331.0
49.7,665.0
50.2,665.0
50.7,1553.0
51.2,1331.0
51.7,1331.0
52.2,1775.0
52.7,1553.0
53.2,1331.0
53.7,1220.0
54.2,1886.0
54.7,887.0
55.2,887.0
55.7,887.0
56.2,1331.0
56.7,1109.0
57.2,1553.0
57.7,1331.0
58.2,998.0
58.7,1109.0
59.2,2108.0
59.7,1553.0
60.2,1109.0
60.7,1442.0
61.2,998.0
61.7,1553.0
62.2,1997.0
62.7,1109.0
63.2,887.0
63.7,1109.0
64.2,998.0
64.7,1553.0
65.2,1331.0
65.7,1109.0
66.2,1442.0
66.7,1553.0
67.2,1220.0
67.7,1220.0
68.2,998.0
68.7,1442.0
69.3,1109.0
69.8,1109.0
70.3,1442.0
70.8,1553.0
71.3,1886.0
71.8,998.0
72.3,1331.0
72.8,776.0
73.3,1442.0
73.8,1220.0
74.3,1109.0
74.8,1442.0
75.3,1997.0
75.8,1442.0
76.3,998.0
76.8,1442.0
77.3,554.0
77.8,776.0
78.3,887.0
78.8,998.0
79.3,1775.0
79.8,2219.0
80.3,1664.0
80.8,1886.0
81.3,776.0
81.8,776.0
82.3,1220.0
82.8,1109.0
83.3,1331.0
83.8,1331.0
84.3,1109.0
84.8,998.0
85.3,1220.0
85.8,998.0
86.3,1109.0
86.8,1109.0
87.3,1220.0
87.8,1997.0
88.3,2219.0
88.8,1109.0
89.3,998.0
89.8,554.0
90.3,665.0
90.8,2441.0
91.3,1109.0
91.8,1442.0
92.4,1442.0
92.9,1109.0
93.4,1220.0
93.9,1442.0
94.4,1109.0
94.9,6436.0
95.4,1775.0
95.9,1109.0
96.4,1886.0
96.9,998.0
97.4,998.0
97.9,998.0
98.4,665.0
98.9,665.0
99.4,1442.0
99.9,1220.0
100.4,1220.0
100.9,1553.0
101.4,1109.0
101.9,998.0
102.4,998.0
102.9,998.0
103.4,1109.0
103.9,1109.0
104.4,2441.0
104.9,1220.0
105.4,1664.0
105.9,887.0
106.4,998.0
106.9,1553.0
107.4,1442.0
107.9,1553.0
108.4,1331.0
108.9,1442.0
109.4,776.0
109.9,1553.0
110.4,998.0
110.9,1664.0
111.4,1109.0
112.0,1109.0
112.5,665.0
113.0,1553.0
113.5,1442.0
114.0,1553.0
114.5,1442.0
115.0,1109.0
115.5,665.0
116.0,776.0
116.5,887.0
117.0,1331.0
117.5,1553.0
118.0,1109.0
118.5,1109.0
119.0,998.0
119.5,776.0
120.0,1331.0
120.5,1442.0
121.0,3329.0
121.5,887.0
122.0,1109.0
122.5,1775.0
123.0,998.0
123.5,1997.0
124.0,3329.0
124.5,1220.0
125.0,1109.0
125.5,1442.0
126.0,887.0
126.5,1553.0
127.0,1553.0
127.5,1109.0
128.0,1442.0
128.5,998.0
129.0,887.0
129.5,998.0
130.1,998.0
130.6,1997.0
131.1,1331.0
131.6,1553.0
132.1,1109.0
132.6,665.0
133.1,1664.0
133.6,998.0
134.1,1553.0
134.6,1331.0
135.1,887.0
135.6,776.0
136.1,887.0
136.6,998.0
137.1,998.0
137.6,1220.0
138.1,998.0
138.6,2219.0
139.1,554.0
139.6,1775.0
140.1,998.0
140.6,1331.0
141.1,1886.0
141.6,1109.0
142.1,998.0
142.6,776.0
143.1,998.0
143.6,998.0
144.1,1109.0
144.6,1331.0
145.1,1331.0
145.6,776.0
146.1,1109.0
146.6,1553.0
147.1,1331.0
147.6,1109.0
148.2,1109.0
148.7,776.0
149.2,1775.0
149.7,1886.0
150.2,1220.0
150.7,2108.0
151.2,1886.0
151.7,3107.0
152.2,998.0
152.7,1331.0
153.2,2330.0
153.7,1553.0
154.2,998.0
154.7,1553.0
155.2,887.0
155.7,776.0
156.2,887.0
156.7,1664.0
157.2,1775.0
157.7,1664.0
158.2,3773.0
158.7,998.0
159.2,998.0
159.7,1331.0
160.2,1109.0
160.7,1775.0
161.2,1886.0
161.7,1553.0
162.2,1553.0
162.7,1220.0
163.2,1442.0
163.7,998.0
164.2,1331.0
164.7,1220.0
165.3,1331.0
165.8,998.0
166.3,1109.0
166.8,1331.0
167.3,776.0
167.8,1331.0
168.3,1109.0
168.8,1997.0
169.3,1664.0
169.8,1220.0
170.3,1220.0
170.8,1109.0
171.3,1775.0
171.8,1109.0
172.3,1331.0
172.8,1331.0
173.3,1109.0
173.8,776.0
174.3,1331.0
174.8,1220.0
175.3,887.0
175.8,1442.0
176.3,1664.0
176.8,1553.0
177.3,1442.0
177.8,1109.0
178.3,1109.0
178.8,1442.0
179.3,1553.0
179.8,1331.0
180.3,1664.0
180.8,1553.0
181.3,1442.0
181.8,1109.0
182.4,1109.0
182.9,1442.0
183.4,1886.0
183.9,1997.0
184.4,1775.0
184.9,998.0
185.4,1220.0
185.9,1442.0
186.4,1331.0
186.9,1775.0
187.4,1997.0
187.9,1220.0
188.4,998.0
188.9,2108.0
189.4,1109.0
189.9,665.0
190.4,998.0
190.9,776.0
191.4,1109.0
191.9,1997.0
192.4,1220.0
192.9,1553.0
193.4,887.0
193.9,1442.0
194.4,998.0
194.9,887.0
195.4,554.0
195.9,2996.0
196.4,1109.0
196.9,1220.0
197.4,1442.0
197.9,1220.0
198.4,1109.0
198.9,665.0
199.4,776.0
199.9,1220.0
200.5,1220.0
201.0,1109.0
201.5,2552.0
202.0,1442.0
202.5,1220.0
203.0,1220.0
203.5,887.0
204.0,887.0
204.5,998.0
205.0,887.0
205.5,998.0
206.0,2441.0
206.5,1220.0
207.0,1997.0
207.5,1553.0
208.0,1442.0
208.5,998.0
209.0,4993.0
209.5,1997.0
210.0,1886.0
210.5,1775.0
211.0,1331.0
211.5,1553.0
212.0,1442.0
212.5,1331.0
213.0,1664.0
213.5,1997.0
214.0,2108.0
214.5,1553.0
215.0,1109.0
215.5,1220.0
216.0,1664.0
216.5,998.0
217.0,1109.0
217.6,1331.0
218.1,1775.0
218.6,1220.0
219.1,1664.0
219.6,2552.0
220.1,776.0
220.6,1109.0
221.1,1109.0
221.6,1220.0
222.1,1331.0
222.6,1109.0
223.1,1331.0
223.6,665.0
224.1,554.0
224.6,887.0
225.1,887.0
225.6,1220.0
226.1,1109.0
226.6,1775.0
227.1,1109.0
227.6,1331.0
228.1,998.0
228.6,887.0
229.1,1220.0
229.6,1109.0
230.1,1775.0
230.6,1442.0
231.1,1331.0
231.6,1220.0
232.1,887.0
232.6,1109.0
233.1,1109.0
233.6,1442.0
234.1,1553.0
234.7,1553.0
235.2,1331.0
235.7,1220.0
236.2,665.0
236.7,887.0
237.2,998.0
237.7,998.0
238.2,1109.0
238.7,1331.0
239.2,1109.0
239.7,998.0
240.2,998.0
240.7,554.0
241.2,998.0
241.7,998.0
242.2,998.0
242.7,1331.0
243.2,1442.0
243.7,998.0
244.2,1220.0
244.7,1109.0
245.2,998.0
245.7,776.0
246.2,1109.0
246.7,998.0
247.2,3884.0
247.7,2774.0
248.2,1220.0
248.7,1442.0
249.2,1109.0
249.7,1109.0
250.2,665.0
250.7,887.0
251.2,1109.0
251.7,998.0
252.2,1886.0
252.7,1331.0
253.3,1331.0
253.8,998.0
254.3,1997.0
254.8,998.0
255.3,1553.0
255.8,1997.0
256.3,1109.0
256.8,1997.0
257.3,1442.0
257.8,1220.0
258.3,1109.0
258.8,1109.0
259.3,1775.0
259.8,1220.0
260.3,1664.0
260.8,1442.0
261.3,1442.0
261.8,1553.0
262.3,1109.0
262.8,1220.0
263.3,554.0
263.8,887.0
264.3,1220.0
264.8,1109.0
265.3,2441.0
265.8,1220.0
266.3,1553.0
266.8,1109.0
267.3,998.0
267.8,776.0
268.3,998.0
268.8,1109.0
269.3,1997.0
269.9,1109.0
270.4,1109.0
270.9,665.0
271.4,887.0
271.9,1220.0
272.4,1331.0
272.9,1442.0
273.4,1109.0
273.9,1220.0
274.4,1109.0
274.9,776.0
275.4,1220.0
275.9,1109.0
276.4,1109.0
276.9,1442.0
277.4,1331.0
277.9,1886.0
278.9,887.0
279.4,1220.0
284.9,1220.0
285.4,1109.0
285.9,887.0
286.4,1220.0
287.0,1109.0
287.5,1553.0
288.0,1331.0
288.5,1109.0
289.0,998.0
289.5,776.0
290.0,1331.0
290.5,1109.0
291.0,1220.0
291.5,1442.0
292.0,1553.0
292.5,1442.0
293.0,998.0
293.5,4216.0
294.0,776.0
294.5,887.0
295.0,1109.0
295.5,1109.0
296.0,1109.0
296.5,1664.0
297.0,2996.0
297.5,1331.0
298.0,998.0
298.5,1109.0
299.0,776.0
299.5,776.0
300.0,1109.0
300.5,998.0
301.0,1442.0
301.5,1220.0
302.0,2219.0
302.5,4327.0
303.0,1109.0
303.5,1109.0
304.1,1109.0
304.6,776.0
305.1,1109.0
305.6,1109.0
306.1,1109.0
306.6,1553.0
307.1,1442.0
307.6,1220.0
308.1,1220.0
308.6,998.0
309.1,665.0
309.6,1109.0
310.1,1109.0
310.6,1331.0
311.1,1664.0
311.6,1220.0
312.1,1220.0
312.6,776.0
313.1,776.0
313.6,1331.0
314.1,1109.0
314.6,1109.0
315.1,1553.0
315.6,1664.0
316.1,1109.0
316.6,1220.0
317.1,1109.0
317.6,1997.0
318.1,1331.0
318.6,1109.0
319.1,1442.0
319.6,1109.0
320.1,998.0
320.6,1109.0
321.2,1997.0
321.7,998.0
322.2,1109.0
322.7,1109.0
323.2,4438.0
323.7,1664.0
324.2,1331.0
324.7,1220.0
325.2,998.0
325.7,1442.0
326.2,998.0
326.7,1109.0
327.2,1220.0
327.7,1220.0
328.2,1109.0
328.7,998.0
329.2,998.0
329.7,887.0
330.2,998.0
330.7,1220.0
331.2,1664.0
331.7,1220.0
332.2,2108.0
332.7,3107.0
333.2,1553.0
333.7,1331.0
334.2,1220.0
334.7,1442.0
335.2,887.0
335.7,1553.0
336.2,998.0
336.7,1220.0
337.2,1220.0
337.7,1331.0
338.2,1442.0
338.8,1220.0
339.3,1220.0
339.8,110.0
340.3,998.0
340.8,1109.0
341.3,1553.0
341.8,1220.0
342.3,1109.0
342.8,887.0
343.3,2108.0
343.8,1442.0
344.3,1775.0
344.8,1664.0
345.3,1442.0
345.8,665.0
346.3,1775.0
346.8,1220.0
347.3,1664.0
347.8,1442.0
348.3,1442.0
348.8,1220.0
349.3,1220.0
349.8,1109.0
350.3,1220.0
350.8,1109.0
351.3,1109.0
351.8,1109.0
352.3,1220.0
352.8,1775.0
353.3,1664.0
353.8,1664.0
354.3,998.0
354.8,1109.0
355.4,1109.0
355.9,1997.0
356.4,1109.0
356.9,1109.0
357.4,776.0
357.9,1331.0
358.4,1109.0
358.9,1331.0
359.4,998.0
359.9,1331.0
360.4,998.0
360.9,554.0
361.4,1775.0
361.9,1664.0
362.4,1442.0
362.9,776.0
363.4,1220.0
363.9,1220.0
364.4,776.0
364.9,1331.0
365.4,1664.0
365.9,1442.0
366.4,1331.0
366.9,1331.0
367.4,998.0
367.9,1109.0
368.4,1220.0
368.9,1220.0
369.4,1442.0
369.9,1109.0
370.4,998.0
370.9,1331.0
371.4,887.0
371.9,1109.0
372.4,1220.0
373.0,5659.0
373.5,1109.0
374.0,1109.0
374.5,1220.0
375.0,1220.0
375.5,1442.0
376.0,1886.0
376.5,1442.0
377.0,1997.0
377.5,665.0
378.0,665.0
378.5,998.0
379.0,1442.0
379.5,1553.0
380.0,1220.0
380.5,1442.0
381.0,1109.0
381.5,887.0
382.0,1109.0
382.5,1109.0
383.0,1109.0
383.5,1553.0
384.0,1331.0
384.5,998.0
385.0,2552.0
385.5,1220.0
386.0,1331.0
386.5,1442.0
387.0,1886.0
387.5,1664.0
388.0,1109.0
388.5,776.0
389.0,1109.0
389.5,1109.0
390.1,1442.0
390.6,1220.0
391.1,1997.0
391.6,887.0
392.1,1442.0
392.6,1109.0
393.1,2108.0
393.6,1442.0
394.1,998.0
394.6,1109.0
395.1,1442.0
395.6,1442.0
396.1,1775.0
396.6,1664.0
397.1,1442.0
397.6,1220.0
398.1,998.0
398.6,1442.0
399.1,1331.0
399.6,2108.0
400.1,1886.0
400.6,1442.0
401.1,1220.0
401.6,776.0
402.1,1109.0
402.6,1331.0
403.1,1220.0
403.6,1775.0
404.1,2219.0
404.6,1109.0
405.1,1442.0
405.6,665.0
406.1,887.0
406.6,1331.0
407.2,1442.0
407.7,1553.0
408.2,1553.0
408.7,887.0
409.2,1442.0
409.7,887.0
410.2,1331.0
410.7,1109.0
411.2,1220.0
411.7,1220.0
412.2,1331.0
412.7,1886.0
413.2,554.0
413.7,887.0
414.2,1664.0
414.7,1442.0
415.2,1553.0
415.7,1109.0
416.2,1220.0
416.7,1220.0
417.2,1553.0
417.7,1553.0
418.2,1109.0
418.7,1109.0
419.2,665.0
419.7,1664.0
420.2,1553.0
420.7,1553.0
421.2,1220.0
421.7,3773.0
422.2,1331.0
422.7,665.0
423.2,1220.0
423.7,1220.0
424.3,1775.0
424.8,1442.0
425.3,1553.0
425.8,887.0
426.3,1220.0
426.8,1442.0
427.3,1442.0
427.8,1331.0
428.3,887.0
428.8,1109.0
429.3,1220.0
429.8,1442.0
430.3,1109.0
430.8,1997.0
431.3,887.0
431.8,776.0
432.3,2108.0
432.8,1553.0
433.3,1109.0
433.8,998.0
434.3,554.0
434.8,776.0
435.3,887.0
435.8,887.0
436.3,1220.0
436.8,1109.0
437.3,998.0
437.8,665.0
438.3,665.0
438.8,1109.0
439.3,1109.0
439.8,1220.0
440.3,1109.0
440.8,998.0
441.3,776.0
441.8,887.0
442.4,1109.0
442.9,998.0
443.4,1997.0
443.9,1553.0
444.4,887.0
444.9,887.0
445.4,1109.0
445.9,1109.0
446.4,1775.0
446.9,1553.0
447.4,1664.0
447.9,665.0
448.4,1553.0
448.9,1220.0
449.4,1775.0
449.9,998.0
450.4,1220.0
450.9,1220.0
451.4,1331.0
451.9,998.0
452.4,1775.0
452.9,1109.0
453.4,998.0
453.9,998.0
454.4,1220.0
454.9,1220.0
455.4,1442.0
455.9,1442.0
456.4,998.0
456.9,998.0
457.4,998.0
457.9,1442.0
458.4,998.0
458.9,665.0
459.4,1109.0
460.0,1220.0
460.5,1109.0
461.0,2330.0
461.5,998.0
462.0,1997.0
462.5,998.0
463.0,1109.0
463.5,1109.0
464.0,998.0
464.5,1886.0
465.0,2663.0
465.5,998.0
466.0,1220.0
466.5,1220.0
467.0,887.0
467.5,1220.0
468.0,998.0
468.5,1109.0
469.0,1442.0
469.5,1220.0
470.0,1109.0
470.5,776.0
471.0,2663.0
471.5,998.0
472.0,1220.0
472.5,998.0
473.0,998.0
473.5,776.0
474.0,887.0
474.5,1109.0
475.0,1442.0
475.5,1109.0
476.0,1109.0
476.5,776.0
477.0,1109.0
477.6,998.0
478.1,1553.0
478.6,1220.0
479.1,998.0
479.6,1997.0
480.1,776.0
480.6,1220.0
481.1,1109.0
481.6,1442.0
482.1,1775.0
482.6,887.0
483.1,776.0
483.6,1109.0
484.1,1109.0
484.6,1442.0
485.1,3329.0
485.6,1109.0
486.1,776.0
486.6,1775.0
487.1,1442.0
487.6,1220.0
488.1,1331.0
488.6,1109.0
489.1,1220.0
489.6,998.0
490.1,1109.0
490.6,1331.0
491.1,1109.0
491.6,554.0
492.1,554.0
492.6,998.0
493.1,1109.0
493.6,1220.0
494.1,1553.0
494.6,998.0
495.1,665.0
495.7,1109.0
496.2,1553.0
496.7,776.0
497.2,1109.0
497.7,1109.0
498.2,998.0
498.7,1220.0
499.2,998.0
499.7,1442.0
500.2,1109.0
500.7,887.0
501.2,665.0
501.7,998.0
502.2,1109.0
502.7,1331.0
503.2,1109.0
503.7,1109.0
504.2,665.0
504.7,554.0
505.2,998.0
505.7,1109.0
506.2,1442.0
506.7,1331.0
507.2,887.0
507.7,998.0
508.2,1109.0
508.7,1220.0
509.2,1442.0
509.7,1109.0
510.2,665.0
510.7,1220.0
511.2,1220.0
511.7,1109.0
512.2,3440.0
512.7,1109.0
513.2,776.0
513.8,1220.0
514.3,1109.0
514.8,1553.0
515.3,1109.0
515.8,1109.0
516.3,887.0
516.8,1109.0
517.3,998.0
517.8,1886.0
518.3,998.0
518.8,998.0
519.3,998.0
519.8,776.0
520.3,998.0
520.8,1220.0
521.3,1109.0
521.8,1220.0
522.3,998.0
522.8,1109.0
523.3,665.0
523.8,1109.0
524.3,1220.0
524.8,1331.0
525.3,1109.0
525.8,1109.0
526.3,776.0
526.8,1109.0
527.3,3218.0
527.8,1997.0
528.3,1220.0
528.8,1553.0
529.3,443.0
529.8,998.0
530.3,1220.0
530.8,1775.0
531.3,1220.0
531.9,1109.0
532.4,887.0
532.9,887.0
533.4,1220.0
533.9,1442.0
534.4,1331.0
534.9,1220.0
535.4,998.0
535.9,1220.0
536.4,1220.0
536.9,1442.0
537.4,776.0
537.9,1220.0
538.4,1442.0
538.9,1109.0
539.4,1664.0
539.9,1442.0
540.4,1331.0
540.9,1220.0
541.4,1109.0
541.9,1331.0
542.4,1553.0
542.9,1775.0
543.4,1220.0
543.9,1220.0
544.4,776.0
544.9,1442.0
545.4,1220.0
545.9,1442.0
546.4,887.0
546.9,998.0
547.4,1553.0
547.9,998.0
548.4,1886.0
548.9,1109.0
549.5,1220.0
550.0,1553.0
550.5,1109.0
551.0,887.0
551.5,1331.0
552.0,1331.0
552.5,1553.0
553.0,1775.0
553.5,1220.0
554.0,1109.0
554.5,1220.0
555.0,1331.0
555.5,1664.0
556.0,1553.0
556.5,1664.0
557.0,1664.0
557.5,887.0
558.0,665.0
558.5,1331.0
559.0,1775.0
559.5,1553.0
560.0,2330.0
560.5,1109.0
561.0,1109.0
561.5,1220.0
562.0,1997.0
562.5,998.0
563.0,1109.0
563.5,1109.0
564.0,1331.0
564.5,1331.0
565.0,1997.0
565.5,1442.0
566.0,1886.0
566.6,887.0
567.1,1442.0
567.6,1220.0
568.1,1664.0
568.6,1442.0
569.1,1331.0
569.6,887.0
570.1,998.0
570.6,1442.0
571.1,1775.0
571.6,1664.0
572.1,1220.0
572.6,1442.0
573.1,1109.0
573.6,1664.0
574.1,1775.0
574.6,1664.0
575.1,1553.0
575.6,1442.0
576.1,1553.0
576.6,1442.0
577.1,1109.0
577.6,1553.0
578.1,1331.0
578.6,1664.0
579.1,1109.0
579.6,1664.0
580.1,1220.0
580.6,1664.0
581.1,1553.0
581.6,1109.0
582.1,998.0
582.6,1331.0
583.2,1442.0
583.7,1886.0
584.2,1442.0
584.7,1442.0
585.2,887.0
585.7,2774.0
586.2,1664.0
586.7,1886.0
587.2,1553.0
587.7,1553.0
588.2,1553.0
588.7,1109.0
589.2,1442.0
589.7,1331.0
590.2,1664.0
590.7,1442.0
591.2,1220.0
591.7,665.0
592.2,998.0
592.7,1109.0
593.2,1331.0
593.7,1664.0
594.2,1442.0
594.7,1553.0
595.2,887.0
595.7,1220.0
596.2,1220.0
596.7,1886.0
597.2,1775.0
597.7,1442.0
598.2,1109.0
598.7,1664.0
599.2,1331.0
599.7,1442.0
600.3,1220.0
600.8,1109.0
601.3,665.0
601.8,998.0
602.3,1109.0
602.8,1553.0
603.3,1109.0
603.8,1109.0
604.3,887.0
604.8,1109.0
605.3,1220.0
605.8,1664.0
606.3,1331.0
606.8,1109.0
607.3,776.0
607.8,1220.0
608.3,1109.0
608.8,1442.0
609.3,998.0
609.8,1664.0
610.3,998.0
610.8,1220.0
611.3,1331.0
611.8,1442.0
612.3,1664.0
612.8,1109.0
613.3,1109.0
613.8,1775.0
614.3,1220.0
614.8,1220.0
615.3,1331.0
615.8,1109.0
616.3,1331.0
616.8,887.0
617.3,998.0
617.9,1220.0
618.4,1442.0
618.9,1775.0
619.4,1664.0
619.9,1220.0
620.4,998.0
620.9,1331.0
621.4,1442.0
621.9,2108.0
622.4,1664.0
622.9,1109.0
623.4,998.0
623.9,1331.0
624.4,1775.0
624.9,1109.0
625.4,1664.0
625.9,1553.0
626.4,1442.0
626.9,998.0
627.4,1109.0
627.9,1109.0
628.4,1775.0
628.9,1775.0
629.4,1109.0
629.9,776.0
630.4,998.0
630.9,998.0
631.4,1220.0
631.9,1775.0
632.4,1220.0
632.9,998.0
633.4,1331.0
633.9,1109.0
634.4,1553.0
634.9,1220.0
635.5,1220.0
636.0,1775.0
636.5,1220.0
637.0,1664.0
637.5,1220.0
638.0,998.0
638.5,1442.0
639.0,1220.0
639.5,1442.0
640.0,1553.0
640.5,1331.0
641.0,1331.0
641.5,998.0
642.0,1220.0
642.5,3551.0
643.0,1220.0
643.5,1553.0
644.0,1331.0
644.5,1220.0
645.0,998.0
645.5,887.0
646.0,554.0
646.5,554.0
647.0,1553.0
647.5,1442.0
648.0,1553.0
648.5,1664.0
649.0,998.0
649.5,1331.0
650.0,1109.0
650.5,887.0
651.0,776.0
651.5,1220.0
652.0,1442.0
652.5,1997.0
653.1,1220.0
653.6,1553.0
654.1,1886.0
654.6,1442.0
655.1,1220.0
655.6,1442.0
656.1,1109.0
656.6,887.0
657.1,1442.0
657.6,998.0
658.1,1331.0
658.6,998.0
659.1,1220.0
659.6,887.0
660.1,1109.0
660.6,1553.0
661.1,1664.0
661.6,1997.0
662.1,1664.0
662.6,1220.0
663.1,1109.0
663.6,1664.0
664.1,776.0
664.6,776.0
665.1,776.0
665.6,1220.0
666.1,1331.0
666.6,998.0
667.1,887.0
667.6,998.0
668.1,1109.0
668.6,1442.0
669.1,1220.0
669.6,1442.0
670.1,998.0
670.6,1553.0
671.2,998.0
671.7,1109.0
672.2,1331.0
672.7,998.0
673.2,554.0
673.7,998.0
674.2,1442.0
674.7,1442.0
675.2,2108.0
675.7,2330.0
676.2,1886.0
676.7,1220.0
677.2,1553.0
677.7,1775.0
678.2,776.0
678.7,998.0
679.2,2108.0
679.7,1442.0
680.2,1442.0
680.7,1331.0
681.2,1775.0
681.7,1109.0
682.2,1220.0
682.7,1220.0
683.2,1220.0
683.7,887.0
684.2,1553.0
684.7,1442.0
685.2,1442.0
685.7,1331.0
686.2,1886.0
686.7,1220.0
687.2,1109.0
687.8,1220.0
688.3,776.0
688.8,1886.0
689.3,998.0
689.8,998.0
690.3,1109.0
690.8,1442.0
691.3,1331.0
691.8,1664.0
692.3,2108.0
692.8,1331.0
693.3,1553.0
693.8,2441.0
694.3,1109.0
694.8,1553.0
695.3,1220.0
695.8,1331.0
696.3,1553.0
696.8,1664.0
697.3,1553.0
697.8,1442.0
698.3,1553.0
698.8,1220.0
699.3,1331.0
699.8,1220.0
700.3,887.0
700.8,1109.0
701.3,1886.0
701.8,1220.0
702.3,1997.0
702.8,1664.0
703.3,1664.0
703.8,1331.0
704.4,1220.0
704.9,1664.0
705.4,1109.0
705.9,1109.0
706.4,998.0
706.9,1109.0
707.4,1109.0
707.9,1109.0
708.4,1775.0
708.9,1775.0
709.4,1553.0
709.9,1553.0
710.4,1553.0
710.9,1553.0
711.4,1553.0
711.9,887.0
712.4,1553.0
712.9,1442.0
713.4,1109.0
713.9,1331.0
714.4,2108.0
714.9,1664.0
715.4,1109.0
715.9,1109.0
716.4,665.0
716.9,1553.0
717.4,1442.0
717.9,1442.0
718.4,1220.0
718.9,1553.0
719.4,1553.0
719.9,1109.0
720.4,1331.0
720.9,1331.0
721.5,1331.0
722.0,1553.0
722.5,1997.0
723.0,1331.0
723.5,2219.0
724.0,1553.0
724.5,1220.0
725.0,1109.0
725.5,1331.0
726.0,998.0
726.5,2552.0
727.0,1886.0
727.5,1775.0
728.0,2885.0
728.5,1664.0
729.0,1664.0
729.5,1886.0
730.0,1331.0
730.5,1109.0
731.0,1553.0
731.5,1331.0
732.0,1553.0
732.5,3107.0
733.0,1442.0
733.5,1664.0
734.0,1664.0
734.5,998.0
735.0,1442.0
735.5,1664.0
736.0,1664.0
736.5,1664.0
737.0,1220.0
737.5,1331.0
738.1,1775.0
738.6,665.0
739.1,443.0
739.6,887.0
740.1,1220.0
740.6,1220.0
741.1,1553.0
741.6,1331.0
742.1,1664.0
742.6,1775.0
743.1,887.0
743.6,776.0
744.1,1109.0
744.6,1109.0
745.1,1220.0
745.6,1331.0
746.1,1553.0
746.6,1886.0
747.1,1664.0
747.6,1775.0
748.1,998.0
748.6,998.0
749.1,1220.0
749.6,1109.0
750.1,1331.0
750.6,2108.0
751.1,1331.0
751.6,1109.0
752.1,1442.0
752.6,998.0
753.1,1220.0
753.6,776.0
754.1,776.0
754.6,665.0
755.1,1331.0
755.7,1331.0
756.2,1442.0
756.7,2219.0
757.2,1553.0
757.7,1109.0
758.2,1109.0
758.7,998.0
759.2,1109.0
759.7,776.0
760.2,1109.0
760.7,1220.0
761.2,1553.0
761.7,1553.0
762.2,1109.0
762.7,1331.0
763.2,1220.0
763.7,1220.0
764.2,1109.0
764.7,3884.0
765.2,1886.0
765.7,1331.0
766.2,2219.0
766.7,1220.0
767.2,1553.0
767.7,1109.0
768.2,998.0
768.7,776.0
769.2,1109.0
769.7,1220.0
770.2,1220.0
770.7,1220.0
771.2,1553.0
771.7,1109.0
772.3,3107.0
772.8,887.0
773.3,998.0
773.8,776.0
774.3,1109.0
774.8,1664.0
775.3,1886.0
775.8,1664.0
776.3,887.0
776.8,998.0
777.3,1442.0
777.8,1442.0
778.3,1220.0
778.8,1331.0
779.3,1109.0
779.8,1553.0
780.3,1886.0
780.8,1109.0
781.3,1886.0
781.8,887.0
782.3,887.0
782.8,887.0
783.3,1331.0
783.8,1220.0
784.3,1775.0
784.8,1442.0
785.3,2219.0
785.8,1442.0
786.3,887.0
786.8,1109.0
787.3,887.0
787.8,1109.0
788.3,1109.0
788.8,1442.0
789.4,1442.0
789.9,998.0
790.4,1553.0
790.9,776.0
791.4,776.0
791.9,1109.0
792.4,1109.0
792.9,1331.0
793.4,1997.0
793.9,1220.0
794.4,1553.0
794.9,1109.0
795.4,1109.0
795.9,998.0
796.4,998.0
796.9,1331.0
797.4,1331.0
797.9,1442.0
798.4,1775.0
798.9,1553.0
799.4,1109.0
799.9,1664.0
800.4,1220.0
800.9,887.0
801.4,1109.0
801.9,1331.0
802.4,1220.0
802.9,1997.0
803.4,1553.0
803.9,1553.0
804.4,1997.0
804.9,1997.0
805.4,1553.0
805.9,2552.0
806.5,1220.0
807.0,1220.0
807.5,2441.0
808.0,1886.0
808.5,1664.0
809.0,1442.0
809.5,665.0
810.0,1331.0
810.5,1331.0
811.0,1220.0
811.5,1664.0
812.0,1220.0
812.5,1442.0
813.0,1553.0
813.5,1442.0
814.0,1331.0
814.5,1331.0
815.0,1109.0
815.5,1775.0
816.0,1664.0
816.5,1664.0
817.0,2219.0
817.5,1442.0
818.0,1220.0
818.5,1220.0
819.0,1442.0
819.5,1109.0
820.0,1220.0
820.5,1442.0
821.0,1886.0
821.5,1664.0
822.0,1220.0
822.6,1109.0
823.1,2441.0
823.6,887.0
824.1,776.0
824.6,1442.0
825.1,1997.0
825.6,1442.0
826.1,1331.0
826.6,1331.0
827.1,1886.0
827.6,1220.0
828.1,1220.0
828.6,1220.0
829.1,2108.0
829.6,1331.0
830.1,1442.0
830.6,1997.0
831.1,1553.0
831.6,1220.0
832.1,1331.0
832.6,1331.0
833.1,776.0
833.6,1331.0
834.1,1553.0
834.6,1220.0
835.1,1220.0
835.6,1997.0
836.1,776.0
836.6,1220.0
837.1,1553.0
837.6,776.0
838.1,776.0
838.6,1220.0
839.1,1553.0
839.7,1553.0
840.2,1553.0
840.7,1553.0
841.2,1664.0
841.7,1553.0
842.2,1442.0
842.7,1220.0
843.2,1553.0
843.7,1109.0
844.2,1109.0
844.7,1553.0
845.2,1553.0
845.7,1997.0
846.2,1109.0
846.7,1109.0
847.2,1109.0
847.7,1331.0
848.2,1109.0
848.7,1220.0
849.2,1664.0
849.7,1442.0
850.2,1109.0
850.7,1331.0
851.2,998.0
851.7,1220.0
852.2,1331.0
852.7,998.0
853.2,1220.0
853.7,1220.0
854.2,2552.0
854.7,1442.0
855.2,1109.0
855.7,1220.0
856.3,1775.0
856.8,887.0
857.3,1109.0
857.8,1553.0
858.3,1220.0
858.8,1775.0
859.3,1109.0
859.8,1331.0
860.3,1220.0
860.8,776.0
861.3,665.0
861.8,665.0
862.3,1109.0
862.8,1109.0
863.3,1442.0
863.8,1775.0
864.3,1220.0
864.8,1220.0
865.3,998.0
865.8,665.0
866.3,998.0
866.8,1109.0
867.3,2885.0
867.8,1109.0
868.3,1331.0
868.8,1109.0
869.3,1442.0
869.8,776.0
870.3,887.0
870.8,1664.0
871.3,1664.0
871.8,1553.0
872.3,1997.0
872.8,1775.0
873.3,1442.0
873.9,1109.0
874.4,1664.0
874.9,1220.0
875.4,1331.0
875.9,1775.0
876.4,1109.0
876.9,998.0
877.4,1220.0
877.9,1442.0
878.4,1664.0
878.9,1442.0
879.4,998.0
879.9,887.0
880.4,1109.0
880.9,1220.0
881.4,2108.0
881.9,1442.0
882.4,1220.0
882.9,1442.0
883.4,1109.0
883.9,1109.0
884.4,1109.0
884.9,1331.0
885.4,1220.0
885.9,998.0
886.4,1220.0
886.9,665.0
887.4,1331.0
887.9,2441.0
888.4,2330.0
888.9,1109.0
889.4,1109.0
889.9,1553.0
890.5,887.0
891.0,1553.0
891.5,1109.0
892.0,1109.0
892.5,1886.0
893.0,1886.0
893.5,1775.0
894.0,1220.0
894.5,1220.0
895.0,1109.0
895.5,1442.0
896.0,1442.0
896.5,1442.0
897.0,1664.0
897.5,1553.0
898.0,998.0
898.5,887.0
899.0,1886.0
899.5,1220.0
900.0,1553.0
900.5,1220.0
901.0,1220.0
901.5,1331.0
902.0,1220.0
902.5,998.0
903.0,1109.0
903.5,1109.0
904.0,1664.0
904.5,1220.0
905.0,1109.0
905.5,1553.0
906.0,1109.0
906.5,1331.0
907.1,1109.0
907.6,1442.0
908.1,1331.0
908.6,1553.0
909.1,2330.0
909.6,1331.0
910.1,1442.0
910.6,1331.0
911.1,776.0
911.6,1331.0
912.1,1220.0
912.6,1220.0
913.1,2330.0
913.6,1775.0
914.1,1775.0
914.6,1109.0
915.1,776.0
915.6,1109.0
916.1,1331.0
916.6,1886.0
917.1,1553.0
917.6,887.0
918.1,1664.0
918.6,1109.0
919.1,776.0
919.6,776.0
920.1,1109.0
920.6,1109.0
921.1,1775.0
921.6,1220.0
922.1,1664.0
922.6,1553.0
923.1,1220.0
923.6,1553.0
924.2,1331.0
924.7,1886.0
925.2,2108.0
925.7,1997.0
926.2,1886.0
926.7,1775.0
927.2,1553.0
927.7,1109.0
928.2,2108.0
928.7,1886.0
929.2,1775.0
929.7,1664.0
930.2,1553.0
930.7,2219.0
931.2,1220.0
931.7,1442.0
932.2,1664.0
932.7,2108.0
933.2,2108.0
933.7,1442.0
934.2,1442.0
934.7,1220.0
935.2,1997.0
935.7,1886.0
936.2,1553.0
936.7,1886.0
937.2,1886.0
937.7,1886.0
938.2,1664.0
938.7,665.0
939.2,1109.0
939.7,1775.0
940.3,1220.0
940.8,1664.0
941.3,1442.0
941.8,1331.0
942.3,1220.0
942.8,776.0
943.3,887.0
943.8,1664.0
944.3,1220.0
944.8,1331.0
945.3,1220.0
945.8,1442.0
946.3,1442.0
946.8,1997.0
947.3,998.0
947.8,1442.0
948.3,1442.0
948.8,1553.0
949.3,1997.0
949.8,1664.0
950.3,1442.0
950.8,2330.0
951.3,1109.0
951.8,1442.0
952.3,1442.0
952.8,1331.0
953.3,1664.0
953.8,1442.0
954.3,1220.0
954.8,998.0
955.3,1220.0
955.8,1331.0
956.3,1331.0
956.8,1775.0
957.4,4327.0
957.9,1775.0
958.4,998.0
958.9,1442.0
959.4,1886.0
959.9,1997.0
960.4,1997.0
960.9,1997.0
961.4,2552.0
961.9,2219.0
962.4,1442.0
962.9,3884.0
963.4,1886.0
963.9,1553.0
964.4,2774.0
964.9,4216.0
965.4,3329.0
965.9,2330.0
966.4,2330.0
966.9,4106.0
967.4,3440.0
967.9,2885.0
968.4,1775.0
968.9,2330.0
969.4,2552.0
969.9,1442.0
970.4,1553.0
970.9,1553.0
971.4,1331.0
971.9,1220.0
972.4,1442.0
972.9,3995.0
973.4,1553.0
974.0,1331.0
974.5,1220.0
975.0,998.0
975.5,1220.0
976.0,1109.0
976.5,998.0
977.0,1331.0
977.5,1442.0
978.0,2108.0
978.5,1442.0
979.0,998.0
979.5,1220.0
980.0,1331.0
980.5,1109.0
981.0,1997.0
981.5,1109.0
982.0,1331.0
982.5,1331.0
983.0,1109.0
983.5,3440.0
984.0,1109.0
984.5,665.0
985.0,1109.0
985.5,1664.0
986.0,1220.0
986.5,998.0
987.0,1220.0
987.5,1109.0
988.0,1109.0
988.5,998.0
989.0,998.0
989.5,1109.0
990.0,2108.0
990.6,1442.0
991.1,1109.0
991.6,1331.0
992.1,1331.0
992.6,1220.0
993.1,1109.0
993.6,6103.0
994.1,1442.0
994.6,998.0
995.1,1997.0
995.6,1220.0
996.1,1109.0
996.6,887.0
997.1,1109.0
997.6,998.0
998.1,887.0
998.6,998.0
999.1,1109.0
999.6,998.0
1000.1,1109.0
1000.6,998.0
1001.1,1553.0
1001.6,887.0
1002.1,1442.0
1002.6,998.0
1003.1,1109.0
1003.6,1553.0
1004.1,1109.0
1004.6,998.0
1005.1,998.0
1005.6,1220.0
1006.1,2441.0
1006.6,1553.0
1007.1,665.0
1007.7,1331.0
1008.2,1442.0
1008.7,1442.0
1009.2,1442.0
1009.7,1442.0
1010.2,1331.0
1010.7,1109.0
1011.2,1220.0
1011.7,1664.0
1012.2,1442.0
1012.7,1109.0
1013.2,1553.0
1013.7,1442.0
1014.2,1220.0
1014.7,1331.0
1015.2,1220.0
1015.7,1109.0
1016.2,1109.0
1016.7,1109.0
1017.2,998.0
1017.7,998.0
1018.2,1220.0
1018.7,1331.0
1019.2,1109.0
1019.7,1331.0
1020.2,1997.0
1020.7,1553.0
1021.2,1442.0
1021.7,1331.0
1022.2,1109.0
1022.7,998.0
1023.2,1109.0
1023.7,1220.0
1024.3,998.0
1024.8,1331.0
1025.3,1109.0
1025.8,1220.0
1026.3,1220.0
1026.8,1109.0
1027.3,1442.0
1027.8,1331.0
1028.3,1442.0
1028.8,1331.0
1029.3,998.0
1029.8,998.0
1030.3,1109.0
1030.8,1109.0
1031.3,1109.0
1031.8,998.0
1032.3,1109.0
1032.8,1220.0
1033.3,1553.0
1033.8,1220.0
1034.3,1331.0
1034.8,1442.0
1035.3,1109.0
1035.8,1109.0
1036.3,2219.0
1036.8,1442.0
1037.3,1220.0
1037.8,1109.0
1038.3,1442.0
1038.8,1331.0
1039.3,1331.0
1039.8,1220.0
1040.4,1331.0
1040.9,1220.0
1041.4,1331.0
1041.9,1553.0
1042.4,1109.0
1042.9,1220.0
1043.4,1220.0
1043.9,1109.0
1044.4,1109.0
1044.9,1997.0
1045.4,1220.0
1045.9,1220.0
1046.4,1331.0
1046.9,1331.0
1047.4,1442.0
1047.9,1331.0
1048.4,1220.0
1048.9,1220.0
1049.4,1331.0
1049.9,1220.0
1050.4,1220.0
1050.9,998.0
1051.4,1220.0
1051.9,1442.0
1052.4,1664.0
1052.9,1331.0
1053.4,1331.0
1053.9,1220.0
1054.4,1109.0
1054.9,998.0
1055.4,1664.0
1055.9,1664.0
1056.4,1220.0
1057.0,1220.0
1057.5,1442.0
1058.0,1553.0
1058.5,1331.0
1059.0,2663.0
1059.5,1109.0
1060.0,1331.0
1060.5,1220.0
1061.0,1220.0
1061.5,1220.0
1062.0,2441.0
1062.5,1775.0
1063.0,1886.0
1063.5,1109.0
1064.0,1331.0
1064.5,2219.0
1065.0,1109.0
1065.5,998.0
1066.0,2663.0
1066.5,1331.0
1067.0,1331.0
1067.5,1220.0
1068.0,1553.0
1068.5,1220.0
1069.0,1331.0
1069.5,1220.0
1070.0,1109.0
1070.5,2885.0
1071.0,1886.0
1071.5,1442.0
1072.0,1664.0
1072.5,1664.0
1073.1,1331.0
1073.6,1109.0
1074.1,1331.0
1074.6,1220.0
1075.1,1109.0
1075.6,1442.0
1076.1,1664.0
1076.6,1886.0
1077.1,1997.0
1077.6,1442.0
1078.1,1775.0
1078.6,1442.0
1079.1,1109.0
1079.6,887.0
1080.1,2552.0
1080.6,554.0
1081.1,1664.0
1081.6,1553.0
1082.1,1109.0
1082.6,1997.0
1083.1,998.0
1083.6,1442.0
1084.1,1220.0
1084.6,1109.0
1085.1,1664.0
1085.6,2552.0
1086.1,1997.0
1086.6,1442.0
1087.1,1331.0
1087.6,887.0
1088.1,1331.0
1088.6,1331.0
1089.1,1442.0
1089.7,2108.0
1090.2,1442.0
1090.7,2996.0
1091.2,1886.0
1091.7,2219.0
1092.2,2108.0
1092.7,3107.0
1093.2,2996.0
1093.7,2996.0
1094.2,2219.0
1094.7,1664.0
1095.2,998.0
1095.7,1553.0
1096.2,1553.0
1096.7,1220.0
1097.2,1331.0
1097.7,1220.0
1098.2,1664.0
1098.7,1109.0
1099.2,1664.0
1099.7,1109.0
1100.2,1331.0
1100.7,1109.0
1101.2,1331.0
1101.7,1886.0
1102.2,1664.0
1102.7,1331.0
1103.2,1664.0
1103.7,1553.0
1104.2,1553.0
1104.7,1886.0
1105.2,1664.0
1105.7,1442.0
1106.3,1664.0
1106.8,1886.0
1107.3,2552.0
1107.8,776.0
1108.3,1664.0
1108.8,1220.0
1109.3,1775.0
1109.8,1109.0
1110.3,2552.0
1110.8,1886.0
1111.3,1220.0
1111.8,1664.0
1112.3,1109.0
1112.8,1109.0
1113.3,1220.0
1113.8,776.0
1114.3,1664.0
1114.8,1664.0
1115.3,998.0
1115.8,1109.0
1116.3,887.0
1116.8,2330.0
1117.3,998.0
1117.8,887.0
1118.3,887.0
1118.8,3329.0
1119.3,998.0
1119.8,2219.0
1120.3,776.0
1120.8,776.0
1121.3,998.0
1121.8,887.0
1122.4,998.0
1122.9,665.0
1123.4,887.0
1123.9,1442.0
1124.4,1553.0
1124.9,887.0
1125.4,776.0
1125.9,776.0
1126.4,887.0
1126.9,776.0
1127.4,887.0
1127.9,2774.0
1128.4,2552.0
1128.9,2219.0
1129.4,776.0
1129.9,776.0
1130.4,776.0
1130.9,887.0
1131.4,1220.0
1131.9,1442.0
1132.4,1331.0
1132.9,1331.0
1133.4,1664.0
1133.9,1442.0
1134.4,1109.0
1134.9,998.0
1135.4,1442.0
1135.9,665.0
1136.4,1775.0
1136.9,2663.0
1137.4,776.0
1137.9,665.0
1138.4,1109.0
1139.0,776.0
1139.5,2330.0
1140.0,3107.0
1140.5,887.0
1141.0,887.0
1141.5,776.0
1142.0,2885.0
1142.5,665.0
1143.0,1220.0
1143.5,887.0
1144.0,776.0
1144.5,776.0
1145.0,776.0
1145.5,887.0
1146.0,2330.0
1146.5,887.0
1147.0,998.0
1147.5,776.0
1148.0,998.0
1148.5,998.0
1149.0,887.0
1149.5,1775.0
1150.0,2552.0
1150.5,776.0
1151.0,3662.0
1151.5,776.0
1152.0,1553.0
1152.5,887.0
1153.0,887.0
1153.5,887.0
1154.0,776.0
1154.5,887.0
1155.1,1220.0
1155.6,1442.0
1156.1,776.0
1156.6,1109.0
1157.1,1109.0
1157.6,1331.0
1158.1,1331.0
1158.6,1997.0
1159.1,665.0
1159.6,1331.0
1160.1,887.0
1160.6,1442.0
1161.1,887.0
1161.6,1442.0
1162.1,1997.0
1162.6,776.0
1163.1,998.0
1163.6,776.0
1164.1,1775.0
1164.6,776.0
1165.1,2108.0
1165.6,998.0
1166.1,1109.0
1166.6,998.0
1167.1,998.0
1167.6,998.0
1168.1,887.0
1168.6,887.0
1169.1,1220.0
1169.6,1886.0
1170.1,1442.0
1170.6,998.0
1171.1,1664.0
1171.7,998.0
1172.2,1331.0
1172.7,887.0
1173.2,2774.0
1173.7,998.0
1174.2,2552.0
1174.7,887.0
1175.2,998.0
1175.7,776.0
1176.2,998.0
1176.7,998.0
1177.2,998.0
1177.7,2330.0
1178.2,998.0
1178.7,2996.0
1179.2,1997.0
1179.7,1664.0
1180.2,998.0
1180.7,1553.0
1181.2,998.0
1181.7,1331.0
1182.2,1109.0
1182.7,776.0
1183.2,1220.0
1183.7,887.0
1184.2,1331.0
1184.7,1331.0
1185.2,3218.0
1185.7,665.0
1186.2,1775.0
1186.7,1220.0
1187.2,1553.0
1187.8,1331.0
1188.3,998.0
1188.8,2552.0
1189.3,998.0
1189.8,1331.0
1190.3,1997.0
1190.8,1220.0
1191.3,887.0
1191.8,998.0
1192.3,1109.0
1192.8,776.0
1193.3,776.0
1193.8,1331.0
1194.3,2552.0
1194.8,2552.0
1195.3,1442.0
1195.8,887.0
1196.3,887.0
1196.8,776.0
1197.3,1220.0
1197.8,776.0
1198.3,887.0
1198.8,554.0
1199.3,1220.0
1199.8,887.0
1200.3,887.0
1200.8,1442.0
1201.3,998.0
1201.8,1109.0
1202.3,776.0
1202.8,2552.0
1203.3,1331.0
1203.8,998.0
1204.4,998.0
1204.9,998.0
1205.4,1553.0
1205.9,1220.0
1206.4,1442.0
1206.9,1109.0
1207.4,998.0
1207.9,998.0
1208.4,1664.0
1208.9,554.0
1209.4,887.0
1209.9,1553.0
1210.4,1997.0
1210.9,1109.0
1211.4,1331.0
1211.9,1664.0
1212.4,1220.0
1212.9,1997.0
1213.4,1442.0
1213.9,1220.0
1214.4,1220.0
1214.9,1553.0
1215.4,776.0
1215.9,776.0
1216.4,1109.0
1216.9,2552.0
1217.4,1109.0
1217.9,887.0
1218.4,1886.0
1218.9,776.0
1219.4,776.0
1219.9,776.0
1220.4,776.0
1221.0,2441.0
1221.5,776.0
1222.0,1997.0
1222.5,2552.0
1223.0,1442.0
1223.5,776.0
1224.0,3995.0
1224.5,998.0
1225.0,776.0
1225.5,3773.0
1226.0,776.0
1226.5,776.0
1227.0,887.0
1227.5,776.0
1228.0,887.0
1228.5,776.0
1229.0,776.0
1229.5,776.0
1230.0,776.0
1230.5,776.0
1231.0,887.0
1231.5,1109.0
1232.0,1886.0
1232.5,776.0
1233.0,1553.0
1233.5,1109.0
1234.0,776.0
1234.5,887.0
1235.0,776.0
1235.5,1442.0
1236.0,2552.0
1236.5,776.0
1237.1,1664.0
1237.6,1664.0
1238.1,776.0
1238.6,776.0
1239.1,998.0
1239.6,1553.0
1240.1,998.0
1240.6,1109.0
1241.1,887.0
1241.6,998.0
1242.1,2552.0
1242.6,665.0
1243.1,665.0
1243.6,998.0
1244.1,1442.0
1244.6,776.0
1245.1,887.0
1245.6,887.0
1246.1,776.0
1246.6,776.0
1247.1,998.0
1247.6,2108.0
1248.1,1664.0
1248.6,1997.0
1249.1,1442.0
1249.6,776.0
1250.1,1664.0
1250.6,1553.0
1251.1,665.0
1251.6,1442.0
1252.1,998.0
1252.6,1220.0
1253.1,776.0
1253.7,665.0
1254.2,1109.0
1254.7,887.0
1255.2,776.0
1255.7,776.0
1256.2,665.0
1256.7,776.0
1257.2,887.0
1257.7,776.0
1258.2,1442.0
1258.7,1442.0
1259.2,1553.0
1259.7,776.0
1260.2,776.0
1260.7,665.0
1261.2,1664.0
1261.7,776.0
1262.2,3551.0
1262.7,998.0
1263.2,887.0
1263.7,2108.0
1264.2,887.0
1264.7,2108.0
1265.2,776.0
1265.7,998.0
1266.2,776.0
1266.7,998.0
1267.2,5326.0
1267.7,776.0
1268.2,665.0
1268.7,998.0
1269.2,887.0
1269.8,1109.0
1270.3,887.0
1270.8,887.0
1271.3,1220.0
1271.8,1331.0
1272.3,776.0
1272.8,1997.0
1273.3,998.0
1273.8,1109.0
1274.3,1775.0
1274.8,887.0
1275.3,1442.0
1275.8,1220.0
1276.3,1331.0
1276.8,665.0
1277.3,887.0
1277.8,1664.0
1278.3,998.0
1278.8,998.0
1279.3,1775.0
1279.8,1664.0
1280.3,998.0
1280.8,776.0
1281.3,887.0
1281.8,1553.0
1282.3,887.0
1282.8,887.0
1283.3,1775.0
1283.8,1331.0
1284.3,1220.0
1284.8,1220.0
1285.3,998.0
1285.8,887.0
1286.4,998.0
1286.9,998.0
1287.4,887.0
1287.9,2108.0
1288.4,1997.0
1288.9,1331.0
1289.4,1664.0
1289.9,998.0
1290.4,1331.0
1290.9,998.0
1291.4,887.0
1291.9,665.0
1292.4,887.0
1292.9,887.0
1293.4,1109.0
1293.9,998.0
1294.4,1886.0
1294.9,1886.0
1295.4,332.0
1295.9,887.0
1296.4,1664.0
1296.9,1220.0
1297.4,998.0
1297.9,2552.0
1298.4,1442.0
1298.9,1220.0
1299.4,1442.0
1299.9,1109.0
1300.4,1220.0
1300.9,998.0
1301.4,1886.0
1301.9,887.0
1302.5,665.0
1303.0,1664.0
1303.5,1553.0
1304.0,2996.0
1304.5,998.0
1305.0,887.0
1305.5,1997.0
1306.0,1331.0
1306.5,1109.0
1307.0,887.0
1307.5,887.0
1308.0,998.0
1308.5,1220.0
1309.0,1775.0
1309.5,1775.0
1310.0,887.0
1310.5,1775.0
1311.0,887.0
1311.5,2885.0
1312.0,2219.0
1312.5,1442.0
1313.0,776.0
1313.5,998.0
1314.0,1442.0
1314.5,1109.0
1315.0,3107.0
1315.5,998.0
1316.0,2219.0
1316.5,776.0
1317.0,998.0
1317.5,1886.0
1318.0,998.0
1318.5,1553.0
1319.1,887.0
1319.6,776.0
1320.1,2219.0
1320.6,1997.0
1321.1,887.0
1321.6,776.0
1322.1,2219.0
1322.6,1775.0
1323.1,1886.0
1323.6,1997.0
1324.1,3107.0
1324.6,2552.0
1325.1,1442.0
1325.6,2552.0
1326.1,2330.0
1326.6,1220.0
1327.1,2330.0
1327.6,1553.0
1328.1,1997.0
1328.6,998.0
1329.1,2441.0
1329.6,998.0
1330.1,776.0
1330.6,1220.0
1331.1,1997.0
1331.6,1997.0
1332.1,1109.0
1332.6,1553.0
1333.1,1553.0
1333.6,1553.0
1334.1,2219.0
1334.6,1775.0
1335.2,1775.0
1335.7,998.0
1336.2,1664.0
1336.7,1775.0
1337.2,1553.0
1337.7,1442.0
1338.2,1109.0
1338.7,1331.0
1339.2,2108.0
1339.7,1109.0
1340.2,1775.0
1340.7,2996.0
1341.2,1997.0
1341.7,2885.0
1342.2,1886.0
1342.7,1109.0
1343.2,2441.0
1343.7,1997.0
1344.2,887.0
1344.7,1442.0
1345.2,1442.0
1345.7,1664.0
1346.2,1442.0
1346.7,1331.0
1347.2,1442.0
1347.7,1331.0
1348.2,1220.0
1348.7,1442.0
1349.2,1331.0
1349.7,1442.0
1350.2,1331.0
1350.7,1331.0
1351.2,1220.0
1351.8,1220.0
1352.3,1553.0
1352.8,1553.0
1353.3,1109.0
1353.8,1109.0
1354.3,1220.0
1354.8,1109.0
1355.3,1220.0
1355.8,1109.0
1356.3,1553.0
1356.8,1220.0
1357.3,1331.0
1357.8,1331.0
1358.3,1442.0
1358.8,1220.0
1359.3,776.0
1359.8,1331.0
1360.3,1109.0
1360.8,1442.0
1361.3,1109.0
1361.8,1220.0
1362.3,1553.0
1362.8,1331.0
1363.3,1220.0
1363.8,3773.0
1364.3,1331.0
1364.8,1220.0
1365.3,1331.0
1365.8,1220.0
1366.3,1109.0
1366.8,1220.0
1367.3,1220.0
1367.8,1331.0
1368.4,1331.0
1368.9,1442.0
1369.4,1331.0
1369.9,1220.0
1370.4,998.0
1370.9,1109.0
1371.4,1220.0
1371.9,1442.0
1372.4,1331.0
1372.9,1331.0
1373.4,1664.0
1373.9,1331.0
1374.4,1442.0
1374.9,1220.0
1375.4,1331.0
1375.9,1220.0
1376.4,1220.0
1376.9,1109.0
1377.4,1220.0
1377.9,998.0
1378.4,1220.0
1378.9,1109.0
1379.4,1109.0
1379.9,1109.0
1380.4,1220.0
1380.9,1220.0
1381.4,1331.0
1381.9,1109.0
1382.4,1109.0
1382.9,1109.0
1383.4,1109.0
1383.9,998.0
1384.5,1109.0
1385.0,998.0
1385.5,1220.0
1386.0,1331.0
1386.5,1109.0
1387.0,1109.0
1387.5,1331.0
1388.0,1220.0
1388.5,1331.0
1389.0,1109.0
1389.5,1220.0
1390.0,1220.0
1390.5,1220.0
1391.0,1664.0
1391.5,1664.0
1392.0,1442.0
1392.5,1442.0
1393.0,1220.0
1393.5,1109.0
1394.0,1331.0
1394.5,1886.0
1395.0,1331.0
1395.5,1664.0
1396.0,1442.0
1396.5,1109.0
1397.0,1442.0
1397.5,1220.0
1398.0,1109.0
1398.5,1109.0
1399.0,1775.0
1399.5,1331.0
1400.0,1220.0
1400.5,1664.0
1401.1,1331.0
1401.6,1109.0
1402.1,887.0
1402.6,887.0
1403.1,1553.0
1403.6,1109.0
1404.1,1331.0
1404.6,1220.0
1405.1,1331.0
1405.6,1109.0
1406.1,1109.0
1406.6,1220.0
1407.1,998.0
1407.6,1553.0
1408.1,1220.0
1408.6,1220.0
1409.1,1331.0
1409.6,1220.0
1410.1,1220.0
1410.6,1886.0
1411.1,1109.0
1411.6,887.0
1412.1,1553.0
1412.6,1220.0
1413.1,1442.0
1413.6,1553.0
1414.1,1442.0
1414.6,1220.0
1415.1,1442.0
1415.6,1331.0
1416.1,1220.0
1416.6,998.0
1417.1,1664.0
1417.7,1109.0
1418.2,1775.0
1418.7,1664.0
1419.2,998.0
1419.7,443.0
1420.2,1553.0
1420.7,1331.0
1421.2,1442.0
1421.7,776.0
1422.2,1109.0
1422.7,1220.0
1423.2,998.0
1423.7,1331.0
1424.2,1220.0
1424.7,1331.0
1425.2,1331.0
1425.7,1109.0
1426.2,1109.0
1426.7,1442.0
1427.2,1331.0
1427.7,1109.0
1428.2,1220.0
1428.7,1220.0
1429.2,1331.0
1429.7,1220.0
1430.2,1331.0
1430.7,1442.0
1431.2,1220.0
1431.7,1331.0
1432.2,1220.0
1432.7,1442.0
1433.2,1220.0
1433.8,1109.0
1434.3,1220.0
1434.8,1442.0
1435.3,554.0
1435.8,1220.0
1436.3,1109.0
1436.8,1553.0
1437.3,998.0
1437.8,1109.0
1438.3,1109.0
1438.8,1220.0
1439.3,887.0
1439.8,1220.0
1440.3,1109.0
1440.8,1442.0
1441.3,1220.0
1441.8,776.0
1442.3,1220.0
1442.8,1331.0
1443.3,1331.0
1443.8,1220.0
1444.3,1220.0
1444.8,1109.0
1445.3,1553.0
1445.8,1220.0
1446.3,1220.0
1446.8,998.0
1447.3,1220.0
1447.8,1220.0
1448.3,776.0
1448.8,998.0
1449.3,1109.0
1449.8,1220.0
1450.4,1442.0
1450.9,1109.0
1451.4,1220.0
1451.9,1109.0
1452.4,1331.0
1452.9,1331.0
1453.4,1442.0
1453.9,1109.0
1454.4,1109.0
1454.9,1220.0
1455.4,1331.0
1455.9,1331.0
1456.4,1442.0
1456.9,1442.0
1457.4,1331.0
1457.9,887.0
1458.4,887.0
1458.9,887.0
1459.4,998.0
1459.9,1331.0
1460.4,1220.0
1460.9,998.0
1461.4,887.0
1461.9,887.0
1462.4,998.0
1462.9,998.0
1463.4,1109.0
1463.9,1220.0
1464.4,1775.0
1464.9,1442.0
1465.4,1553.0
1465.9,1664.0
1466.5,1442.0
1467.0,1109.0
1467.5,1553.0
1468.0,1442.0
1468.5,1775.0
1469.0,1331.0
1469.5,1220.0
1470.0,1109.0
1470.5,1442.0
1471.0,1220.0
1471.5,1442.0
1472.0,1220.0
1472.5,1220.0
1473.0,1331.0
1473.5,1331.0
1474.0,1442.0
1474.5,1220.0
1475.0,1109.0
1475.5,1886.0
1476.0,1442.0
1476.5,1109.0
1477.0,2552.0
1477.5,1220.0
1478.0,1220.0
1478.5,1331.0
1479.0,1331.0
1479.5,1442.0
1480.0,1664.0
1480.5,998.0
1481.0,3107.0
1481.5,1442.0
1482.0,1442.0
1482.5,1220.0
1483.1,1109.0
1483.6,1109.0
1484.1,1220.0
1484.6,1331.0
1485.1,1220.0
1485.6,1220.0
1486.1,998.0
1486.6,1331.0
1487.1,1442.0
1487.6,1775.0
1488.1,1220.0
1488.6,998.0
1489.1,998.0
1489.6,998.0
1490.1,1220.0
1490.6,1442.0
1491.1,1220.0
1491.6,1442.0
1492.1,998.0
1492.6,1109.0
1493.1,2774.0
1493.6,1442.0
1494.1,1109.0
1494.6,1442.0
1495.1,1775.0
1495.6,1331.0
1496.1,1664.0
1496.6,1220.0
1497.1,1442.0
1497.6,1553.0
1498.1,1442.0
1498.6,1442.0
1499.2,1109.0
1499.7,1331.0
1500.2,1331.0
1500.7,1442.0
1501.2,1331.0
1501.7,1664.0
1502.2,1331.0
1502.7,1331.0
1503.2,1220.0
1503.7,1442.0
1504.2,998.0
1504.7,1331.0
1505.2,776.0
1505.7,1109.0
1506.2,887.0
1506.7,1109.0
1507.2,776.0
1507.7,1220.0
1508.2,1331.0
1508.7,1664.0
1509.2,776.0
1509.7,887.0
1510.2,887.0
1510.7,776.0
1511.2,1109.0
1511.7,1109.0
1512.2,1109.0
1512.7,998.0
1513.2,1442.0
1513.7,1664.0
1514.2,1109.0
1514.7,2219.0
1515.2,887.0
1515.8,998.0
1516.3,887.0
1516.8,1331.0
1517.3,1109.0
1517.8,887.0
1518.3,1886.0
1518.8,887.0
1519.3,2330.0
1519.8,1331.0
1520.3,1886.0
1520.8,1442.0
1521.3,1331.0
1521.8,665.0
1522.3,887.0
1522.8,1886.0
1523.3,1331.0
1523.8,887.0
1524.3,1220.0
1524.8,998.0
1525.3,1109.0
1525.8,665.0
1526.3,1331.0
1526.8,1442.0
1527.3,1775.0
1527.8,2219.0
1528.3,1331.0
1528.8,2219.0
1529.3,665.0
1529.8,110.0
1530.3,1220.0
1530.8,1109.0
1531.3,1109.0
1531.9,1997.0
1532.4,776.0
1532.9,2108.0
1533.4,1220.0
1533.9,665.0
1534.4,1331.0
1534.9,554.0
1535.4,1886.0
1535.9,1109.0
1536.4,1220.0
1536.9,1331.0
1537.4,1775.0
1537.9,1220.0
1538.4,665.0
1538.9,1109.0
1539.4,1775.0
1539.9,1220.0
1540.4,1220.0
1540.9,1331.0
1541.4,1331.0
1541.9,1220.0
1542.4,1220.0
1542.9,2441.0
1543.4,1109.0
1543.9,665.0
1544.4,1664.0
1544.9,665.0
1545.4,1220.0
1545.9,1997.0
1546.4,1109.0
1546.9,998.0
1547.4,776.0
1547.9,1220.0
1548.5,1220.0
1549.0,1220.0
1549.5,1331.0
1550.0,1220.0
1550.5,887.0
1551.0,1331.0
1551.5,1331.0
1552.0,1886.0
1552.5,1220.0
1553.0,1331.0
1553.5,0.0
1554.0,998.0
1554.5,1331.0
1555.0,2774.0
1555.5,2552.0
1556.0,2552.0
1556.5,1109.0
1557.0,1553.0
1557.5,1109.0
1558.0,1109.0
1558.5,2774.0
1559.0,998.0
1559.5,2219.0
1560.0,1553.0
1560.5,1220.0
1561.0,887.0
1561.5,1331.0
1562.0,1886.0
1562.5,776.0
1563.0,776.0
1563.5,998.0
1564.0,1331.0
1564.5,998.0
1565.1,1109.0
1565.6,1109.0
1566.1,1331.0
1566.6,998.0
1567.1,2108.0
1567.6,1553.0
1568.1,1220.0
1568.6,887.0
1569.1,1109.0
1569.6,2108.0
1570.1,1886.0
1570.6,1331.0
1571.1,1442.0
1571.6,1220.0
1572.1,1442.0
1572.6,776.0
1573.1,776.0
1573.6,776.0
1574.1,1775.0
1574.6,1109.0
1575.1,1220.0
1575.6,1220.0
1576.1,1109.0
1576.6,1109.0
1577.1,998.0
1577.6,1109.0
1578.1,1109.0
1578.6,887.0
1579.1,887.0
1579.6,2774.0
1580.1,1553.0
1580.6,1109.0
1581.2,887.0
1581.7,887.0
1582.2,887.0
1582.7,3551.0
1583.2,887.0
1583.7,887.0
1584.2,1109.0
1584.7,998.0
1585.2,1109.0
1585.7,887.0
1586.2,1109.0
1586.7,776.0
1587.2,1553.0
1587.7,1553.0
1588.2,776.0
1588.7,1109.0
1589.2,776.0
1589.7,1664.0
1590.2,998.0
1590.7,2774.0
1591.2,776.0
1591.7,998.0
1592.2,3662.0
1592.7,887.0
1593.2,887.0
1593.7,1331.0
1594.2,1109.0
1594.7,998.0
1595.2,887.0
1595.7,443.0
1596.2,665.0
1596.7,998.0
1597.2,998.0
1597.8,1442.0
1598.3,1220.0
1598.8,1553.0
1599.3,1553.0
1599.8,887.0
1600.3,887.0
1600.8,1886.0
1601.3,887.0
1601.8,998.0
1602.3,2552.0
1602.8,2663.0
1603.3,887.0
1603.8,776.0
1604.3,998.0
1604.8,1886.0
1605.3,1331.0
1605.8,1331.0
1606.3,1775.0
1606.8,1331.0
1607.3,1220.0
1607.8,1331.0
1608.3,887.0
1608.8,1775.0
1609.3,998.0
1609.8,1553.0
1610.3,887.0
1610.8,1442.0
1611.3,887.0
1611.8,887.0
1612.3,1331.0
1612.8,665.0
1613.3,887.0
1613.9,1109.0
1614.4,1109.0
1614.9,1997.0
1615.4,1220.0
1615.9,776.0
1616.4,1553.0
1616.9,1997.0
1617.4,1331.0
1617.9,1220.0
1618.4,1553.0
1618.9,2663.0
1619.4,998.0
1619.9,1331.0
1620.4,887.0
1620.9,1442.0
1621.4,1220.0
1621.9,1553.0
1622.4,1220.0
1622.9,1109.0
1623.4,3662.0
1623.9,776.0
1624.4,665.0
1624.9,776.0
1625.4,776.0
1625.9,887.0
1626.4,887.0
1626.9,998.0
1627.4,887.0
1627.9,1220.0
1628.4,887.0
1628.9,1109.0
1629.4,1109.0
1629.9,998.0
1630.5,998.0
1631.0,776.0
1631.5,1220.0
1632.0,1553.0
1632.5,1220.0
1633.0,1109.0
1633.5,1109.0
1634.0,2330.0
1634.5,665.0
1635.0,1331.0
1635.5,1442.0
1636.0,1997.0
1636.5,1331.0
1637.0,1220.0
1637.5,1220.0
1638.0,2441.0
1638.5,887.0
1639.0,1664.0
1639.5,998.0
1640.0,1331.0
1640.5,1109.0
1641.0,1886.0
1641.5,1331.0
1642.0,1553.0
1642.5,2774.0
1643.0,1109.0
1643.5,1442.0
1644.0,1553.0
1644.5,1109.0
1645.0,1109.0
1645.5,1553.0
1646.0,1220.0
1646.5,998.0
1647.1,1109.0
1647.6,1553.0
1648.1,1220.0
1648.6,1331.0
1649.1,1442.0
1649.6,1109.0
1650.1,998.0
1650.6,1331.0
1651.1,1220.0
1651.6,1331.0
1652.1,1331.0
1652.6,1331.0
1653.1,1886.0
1653.6,998.0
1654.1,1109.0
1654.6,1109.0
1655.1,1220.0
1655.6,1553.0
1656.1,1553.0
1656.6,1220.0
1657.1,998.0
1657.6,1442.0
1658.1,1442.0
1658.6,1331.0
1659.1,1220.0
1659.6,1331.0
1660.1,1553.0
1660.6,1220.0
1661.1,1553.0
1661.6,1775.0
1662.1,1553.0
1662.6,1109.0
1663.2,1553.0
1663.7,1220.0
1664.2,998.0
1664.7,1220.0
1665.2,1109.0
1665.7,998.0
1666.2,776.0
1666.7,1886.0
1667.2,1553.0
1667.7,998.0
1668.2,1220.0
1668.7,1109.0
1669.2,998.0
1669.7,998.0
1670.2,998.0
1670.7,1220.0
1671.2,1109.0
1671.7,1109.0
1672.2,1331.0
1672.7,1886.0
1673.2,1331.0
1673.7,1109.0
1674.2,665.0
1674.7,887.0
1675.2,1109.0
1675.7,998.0
1676.2,998.0
1676.7,1220.0
1677.2,998.0
1677.7,1109.0
1678.2,998.0
1678.7,2441.0
1679.2,1109.0
1679.8,887.0
1680.3,1331.0
1680.8,998.0
1681.3,1775.0
1681.8,998.0
1682.3,1331.0
1682.8,1220.0
1683.3,998.0
1683.8,1553.0
1684.3,1442.0
1684.8,1109.0
1685.3,1997.0
1685.8,1886.0
1686.3,1442.0
1686.8,1775.0
1687.3,1775.0
1687.8,1220.0
1688.3,1775.0
1688.8,1442.0
1689.3,1109.0
1689.8,1109.0
1690.3,665.0
1690.8,998.0
1691.3,1331.0
1691.8,887.0
1692.3,1664.0
1692.8,1331.0
1693.3,1442.0
1693.8,1109.0
1694.3,1220.0
1694.8,1553.0
1695.3,887.0
1695.9,1442.0
1696.4,1442.0
1696.9,887.0
1697.4,998.0
1697.9,1442.0
1698.4,1775.0
1698.9,2885.0
1699.4,1775.0
1699.9,998.0
1700.4,887.0
1700.9,1664.0
1701.4,998.0
1701.9,887.0
1702.4,1331.0
1702.9,1220.0
1703.4,1220.0
1703.9,1331.0
1704.4,1997.0
1704.9,1220.0
1705.4,1442.0
1705.9,776.0
1706.4,887.0
1706.9,776.0
1707.4,1331.0
1707.9,1109.0
1708.4,998.0
1708.9,998.0
1709.4,887.0
1709.9,1553.0
1710.4,1442.0
1710.9,1664.0
1711.4,1886.0
1711.9,998.0
1712.5,1109.0
1713.0,1331.0
1713.5,998.0
1714.0,887.0
1714.5,998.0
1715.0,1220.0
1715.5,1109.0
1716.0,998.0
1716.5,776.0
1717.0,1664.0
1717.5,1109.0
1718.0,1109.0
1718.5,1331.0
1719.0,1220.0
1719.5,776.0
1720.0,1664.0
1720.5,2108.0
1721.0,2219.0
1721.5,1442.0
1722.0,776.0
1722.5,998.0
1723.0,887.0
1723.5,1886.0
1724.0,1109.0
1724.5,887.0
1725.0,887.0
1725.5,3995.0
1726.0,998.0
1726.5,1664.0
1727.0,998.0
1727.5,776.0
1728.0,1331.0
1728.6,998.0
1729.1,1553.0
1729.6,998.0
1730.1,1109.0
1730.6,1331.0
1731.1,776.0
1731.6,998.0
1732.1,1331.0
1732.6,1109.0
1733.1,2219.0
1733.6,776.0
1734.1,1109.0
1734.6,665.0
1735.1,1109.0
1735.6,998.0
1736.1,2663.0
1736.6,1109.0
1737.1,887.0
1737.6,1220.0
1738.1,776.0
1738.6,998.0
1739.1,887.0
1739.6,998.0
1740.1,998.0
1740.6,3773.0
1741.1,776.0
1741.6,1553.0
1742.1,776.0
1742.6,998.0
1743.1,665.0
1743.6,1553.0
1744.1,1442.0
1744.6,998.0
1745.2,1220.0
1745.7,1775.0
1746.2,1109.0
1746.7,887.0
1747.2,1442.0
1747.7,998.0
1748.2,998.0
1748.7,776.0
1749.2,2663.0
1749.7,1109.0
1750.2,887.0
1750.7,887.0
1751.2,1553.0
1751.7,776.0
1752.2,887.0
1752.7,776.0
1753.2,1553.0
1753.7,1220.0
1754.2,2441.0
1754.7,1109.0
1755.2,776.0
1755.7,1331.0
1756.2,1220.0
1756.7,1442.0
1757.2,665.0
1757.7,2663.0
1758.2,998.0
1758.7,1109.0
1759.2,998.0
1759.7,998.0
1760.2,2219.0
1760.7,887.0
1761.2,998.0
1761.8,1331.0
1762.3,1331.0
1762.8,1886.0
1763.3,1775.0
1763.8,776.0
1764.3,1442.0
1764.8,1664.0
1765.3,998.0
1765.8,776.0
1766.3,776.0
1766.8,887.0
1767.3,887.0
1767.8,887.0
1768.3,1220.0
1768.8,776.0
1769.3,887.0
1769.8,776.0
1770.3,887.0
1770.8,887.0
1771.3,998.0
1771.8,887.0
1772.3,1664.0
1772.8,776.0
1773.3,554.0
1773.8,998.0
1774.3,1664.0
1774.8,1109.0
1775.3,2885.0
1775.8,1886.0
1776.3,776.0
1776.8,887.0
1777.3,998.0
1777.9,998.0
1778.4,1220.0
1778.9,1109.0
1779.4,776.0
1779.9,1553.0
1780.4,1997.0
1780.9,1109.0
1781.4,1109.0
1781.9,887.0
1782.4,887.0
1782.9,1997.0
1783.4,1109.0
1783.9,1664.0
1784.4,1109.0
1784.9,776.0
1785.4,998.0
1785.9,776.0
1786.4,665.0
1786.9,887.0
1787.4,1331.0
1787.9,1775.0
1788.4,1220.0
1788.9,887.0
1789.4,887.0
1789.9,887.0
1790.4,1886.0
1790.9,1220.0
1791.4,776.0
1791.9,776.0
1792.4,776.0
1792.9,1553.0
1793.4,1442.0
1793.9,1553.0
1794.5,776.0
1795.0,776.0
1795.5,776.0
1796.0,998.0
1796.5,1886.0
1797.0,998.0
1797.5,1220.0
1798.0,1109.0
1798.5,998.0
1799.0,1553.0
1799.5,665.0
1800.0,776.0
1800.5,1442.0
1801.0,1775.0
1801.5,1775.0
1802.0,998.0
1802.5,1220.0
1803.0,887.0
1803.5,776.0
1804.0,1775.0
1804.5,776.0
1805.0,1442.0
1805.5,998.0
1806.0,1775.0
1806.5,1331.0
1807.0,1553.0
1807.5,1553.0
1808.0,887.0
1808.5,1664.0
1809.0,1775.0
1809.5,998.0
1810.0,776.0
1810.6,1886.0
1811.1,1331.0
1811.6,1109.0
1812.1,887.0
1812.6,1775.0
1813.1,776.0
1813.6,1775.0
1814.1,665.0
1814.6,665.0
1815.1,1553.0
1815.6,887.0
1816.1,1331.0
1816.6,1220.0
1817.1,1442.0
1817.6,776.0
1818.1,1886.0
1818.6,998.0
1819.1,887.0
1819.6,887.0
1820.1,1220.0
1820.6,2885.0
1821.1,1331.0
1821.6,887.0
1822.1,1220.0
1822.6,998.0
1823.1,887.0
1823.6,776.0
1824.1,776.0
1824.6,2441.0
1825.1,998.0
1825.6,1775.0
1826.1,554.0
1826.6,776.0
1827.2,776.0
1827.7,1553.0
1828.2,1442.0
1828.7,3218.0
1829.2,998.0
1829.7,998.0
1830.2,443.0
1830.7,1442.0
1831.2,1664.0
1831.7,776.0
1832.2,1220.0
1832.7,776.0
1833.2,776.0
1833.7,1331.0
1834.2,998.0
1834.7,776.0
1835.2,1442.0
1835.7,998.0
1836.2,887.0
1836.7,1553.0
1837.2,776.0
1837.7,998.0
1838.2,1220.0
1838.7,1331.0
1839.2,887.0
1839.7,998.0
1840.2,1442.0
1840.7,776.0
1841.2,776.0
1841.7,998.0
1842.2,3107.0
1842.7,887.0
1843.3,1220.0
1843.8,998.0
1844.3,1442.0
1844.8,998.0
1845.3,1997.0
1845.8,1442.0
1846.3,1331.0
1846.8,1331.0
1847.3,1220.0
1847.8,887.0
1848.3,1664.0
1848.8,1109.0
1849.3,1220.0
1849.8,1109.0
1850.3,1109.0
1850.8,3218.0
1851.3,887.0
1851.8,998.0
1852.3,998.0
1852.8,887.0
1853.3,1220.0
1853.8,1553.0
1854.3,887.0
1854.8,998.0
1855.3,776.0
1855.8,1109.0
1856.3,1664.0
1856.8,1664.0
1857.3,1553.0
1857.8,1331.0
1858.3,887.0
1858.8,998.0
1859.3,1220.0
1859.9,887.0
1860.4,1220.0
1860.9,1109.0
1861.4,776.0
1861.9,1886.0
1862.4,1109.0
1862.9,998.0
1863.4,1553.0
1863.9,1220.0
1864.4,1220.0
1864.9,998.0
1865.4,998.0
1865.9,998.0
1866.4,1442.0
1866.9,887.0
1867.4,998.0
1867.9,1331.0
1868.4,998.0
1868.9,776.0
1869.4,998.0
1869.9,998.0
1870.4,1331.0
1870.9,1331.0
1871.4,1664.0
1871.9,1442.0
1872.4,1109.0
1872.9,776.0
1873.4,1109.0
1873.9,887.0
1874.4,998.0
1874.9,998.0
1875.4,1442.0
1876.0,1442.0
1876.5,1331.0
1877.0,1331.0
1877.5,1553.0
1878.0,2330.0
1878.5,1220.0
1879.0,998.0
1879.5,887.0
1880.0,1220.0
1880.5,998.0
1881.0,1664.0
1881.5,887.0
1882.0,1331.0
1882.5,1997.0
1883.0,1109.0
1883.5,998.0
1884.0,887.0
1884.5,2552.0
1885.0,1553.0
1885.5,887.0
1886.0,887.0
1886.5,1775.0
1887.0,998.0
1887.5,887.0
1888.0,998.0
1888.5,776.0
1889.0,887.0
1889.5,1442.0
1890.0,1331.0
1890.5,998.0
1891.0,2108.0
1891.5,1331.0
1892.0,1442.0
1892.6,998.0
1893.1,1553.0
1893.6,1109.0
1894.1,1109.0
1894.6,887.0
1895.1,776.0
1895.6,1553.0
1896.1,1442.0
1896.6,998.0
1897.1,776.0
1897.6,887.0
1898.1,2219.0
1898.6,887.0
1899.1,2330.0
1899.6,998.0
1900.1,1220.0
1900.6,887.0
1901.1,887.0
1901.6,1331.0
1902.1,1553.0
1902.6,1109.0
1903.1,1442.0
1903.6,998.0
1904.1,776.0
1904.6,1109.0
1905.1,887.0
1905.6,776.0
1906.1,776.0
1906.6,887.0
1907.1,887.0
1907.6,2330.0
1908.1,887.0
1908.6,2663.0
1909.2,665.0
1909.7,1553.0
1910.2,1220.0
1910.7,665.0
1911.2,665.0
1911.7,887.0
1912.2,887.0
1912.7,887.0
1913.2,1886.0
1913.7,1664.0
1914.2,1109.0
1914.7,776.0
1915.2,1997.0
1915.7,998.0
1916.2,776.0
1916.7,1331.0
1917.2,2441.0
1917.7,1886.0
1918.2,998.0
1918.7,887.0
1919.2,1553.0
1919.7,665.0
1920.2,776.0
1920.7,1664.0
1921.2,887.0
1921.7,1109.0
1922.2,665.0
1922.7,2219.0
1923.2,998.0
1923.7,554.0
1924.2,776.0
1924.7,1109.0
1925.3,443.0
1925.8,887.0
1926.3,3107.0
1926.8,1220.0
1927.3,1109.0
1927.8,1220.0
1928.3,554.0
1928.8,1442.0
1929.3,776.0
1929.8,887.0
1930.3,1664.0
1930.8,1664.0
1931.3,887.0
1931.8,1220.0
1932.3,776.0
1932.8,1220.0
1933.3,1886.0
1933.8,998.0
1934.3,1553.0
1934.8,1664.0
1935.3,1109.0
1935.8,998.0
1936.3,1997.0
1936.8,1442.0
1937.3,1442.0
1937.8,776.0
1938.3,776.0
1938.8,776.0
1939.3,998.0
1939.8,887.0
1940.3,887.0
1940.8,1109.0
1941.3,887.0
1941.9,776.0
1942.4,776.0
1942.9,1109.0
1943.4,665.0
1943.9,776.0
1944.4,1220.0
1944.9,998.0
1945.4,1109.0
1945.9,1553.0
1946.4,776.0
1946.9,1886.0
1947.4,1109.0
1947.9,887.0
1948.4,776.0
1948.9,332.0
1949.4,665.0
1949.9,1442.0
1950.4,1109.0
1950.9,887.0
1951.4,998.0
1951.9,1220.0
1952.4,1886.0
1952.9,998.0
1953.4,887.0
1953.9,998.0
1954.4,998.0
1954.9,1331.0
1955.4,1331.0
1955.9,1331.0
1956.4,1442.0
1956.9,1553.0
1957.4,776.0
1957.9,1331.0
1958.5,1109.0
1959.0,776.0
1959.5,776.0
1960.0,1775.0
1960.5,3218.0
1961.0,1109.0
1961.5,1109.0
1962.0,1331.0
1962.5,998.0
1963.0,998.0
1963.5,887.0
1964.0,887.0
1964.5,1331.0
1965.0,776.0
1965.5,1109.0
1966.0,776.0
1966.5,776.0
1967.0,776.0
1967.5,776.0
1968.0,998.0
1968.5,1553.0
1969.0,887.0
1969.5,665.0
1970.0,1442.0
1970.5,1331.0
1971.0,665.0
1971.5,998.0
1972.0,1775.0
1972.5,776.0
1973.0,1331.0
1973.5,1886.0
1974.0,776.0
1974.6,1442.0
1975.1,887.0
1975.6,1664.0
1976.1,1109.0
1976.6,1442.0
1977.1,776.0
1977.6,887.0
1978.1,1442.0
1978.6,887.0
1979.1,887.0
1979.6,1442.0
1980.1,887.0
1980.6,1331.0
1981.1,665.0
1981.6,998.0
1982.1,998.0
1982.6,776.0
1983.1,998.0
1983.6,1109.0
1984.1,887.0
1984.6,776.0
1985.1,776.0
1985.6,1331.0
1986.1,776.0
1986.6,1220.0
1987.1,1109.0
1987.6,887.0
1988.1,1553.0
1988.6,1553.0
1989.1,1664.0
1989.6,1442.0
1990.1,776.0
1990.6,665.0
1991.2,776.0
1991.7,887.0
1992.2,1664.0
1992.7,887.0
1993.2,1331.0
1993.7,1331.0
1994.2,1331.0
1994.7,1220.0
1995.2,1331.0
1995.7,1109.0
1996.2,1109.0
1996.7,1109.0
1997.2,1109.0
1997.7,1331.0
1998.2,1331.0
1998.7,887.0
1999.2,1331.0
1999.7,1220.0
2000.2,1109.0
2000.7,1109.0
2001.2,1220.0
2001.7,1109.0
2002.2,1109.0
2002.7,998.0
2003.2,665.0
2003.7,1220.0
2004.2,1442.0
2004.7,1109.0
2005.2,1220.0
2005.7,1109.0
2006.2,887.0
2006.7,998.0
2007.3,1109.0
2007.8,1109.0
2008.3,776.0
2008.8,776.0
2009.3,998.0
2009.8,776.0
2010.3,887.0
2010.8,887.0
2011.3,1442.0
2011.8,1331.0
2012.3,1442.0
2012.8,998.0
2013.3,1220.0
2013.8,998.0
2014.3,1109.0
2014.8,1442.0
2015.3,887.0
2015.8,1109.0
2016.3,1331.0
2016.8,1331.0
2017.3,1109.0
2017.8,1109.0
2018.3,887.0
2018.8,998.0
2019.3,1109.0
2019.8,1109.0
2020.3,1109.0
2020.8,1109.0
2021.3,1331.0
2021.8,1331.0
2022.3,998.0
2022.8,998.0
2023.3,776.0
2023.9,1109.0
2024.4,1220.0
2024.9,887.0
2025.4,1220.0
2025.9,1553.0
2026.4,2885.0
2026.9,887.0
2027.4,2552.0
2027.9,998.0
2028.4,887.0
2028.9,1109.0
2029.4,998.0
2029.9,776.0
2030.4,1664.0
2030.9,1886.0
2031.4,1109.0
2031.9,1220.0
2032.4,887.0
2032.9,1553.0
2033.4,1886.0
2033.9,1331.0
2034.4,998.0
2034.9,1109.0
2035.4,887.0
2035.9,1220.0
2036.4,1331.0
2036.9,1886.0
2037.4,887.0
2037.9,998.0
2038.4,998.0
2038.9,1220.0
2039.4,2330.0
2040.0,1220.0
2040.5,1109.0
2041.0,998.0
2041.5,1220.0
2042.0,887.0
2042.5,887.0
2043.0,887.0
2043.5,998.0
2044.0,887.0
2044.5,776.0
2045.0,1220.0
2045.5,998.0
2046.0,887.0
2046.5,887.0
2047.0,887.0
2047.5,887.0
2048.0,1775.0
2048.5,1109.0
2049.0,1442.0
2049.5,1109.0
2050.0,998.0
2050.5,1109.0
2051.0,887.0
2051.5,1331.0
2052.0,887.0
2052.5,887.0
2053.0,887.0
2053.5,1220.0
2054.0,3218.0
2054.5,665.0
2055.0,776.0
2055.5,887.0
2056.0,1109.0
2056.6,776.0
2057.1,776.0
2057.6,776.0
2058.1,887.0
2058.6,1109.0
2059.1,887.0
2059.6,1220.0
2060.1,1109.0
2060.6,1109.0
2061.1,1442.0
2061.6,2885.0
2062.1,776.0
2062.6,1886.0
2063.1,1442.0
2063.6,887.0
2064.1,1109.0
2064.6,887.0
2065.1,1109.0
2065.6,998.0
2066.1,998.0
2066.6,1331.0
2067.1,1664.0
2067.6,1664.0
2068.1,1109.0
2068.6,1997.0
2069.1,1775.0
2069.6,554.0
2070.1,665.0
2070.6,1442.0
2071.1,887.0
2071.6,998.0
2072.1,887.0
2072.7,776.0
2073.2,887.0
2073.7,998.0
2074.2,1220.0
2074.7,776.0
2075.2,1220.0
2075.7,1553.0
2076.2,1553.0
2076.7,2330.0
2077.2,665.0
2077.7,1331.0
2078.2,1442.0
2078.7,1553.0
2079.2,776.0
2079.7,665.0
2080.2,665.0
2080.7,776.0
2081.2,2663.0
2081.7,2663.0
2082.2,554.0
2082.7,665.0
2083.2,887.0
2083.7,776.0
2084.2,998.0
2084.7,1553.0
2085.2,1997.0
2085.7,1331.0
2086.2,887.0
2086.7,1109.0
2087.2,1442.0
2087.7,776.0
2088.2,887.0
2088.7,887.0
2089.3,2108.0
2089.8,998.0
2090.3,887.0
2090.8,998.0
2091.3,332.0
2091.8,776.0
2092.3,887.0
2092.8,1553.0
2093.3,1553.0
2093.8,1331.0
2094.3,1442.0
2094.8,1442.0
2095.3,665.0
2095.8,776.0
2096.3,1442.0
2096.8,887.0
2097.3,998.0
2097.8,1553.0
2098.3,887.0
2098.8,776.0
2099.3,998.0
2099.8,1109.0
2100.3,443.0
2100.8,887.0
2101.3,998.0
2101.8,1109.0
2102.3,2219.0
2102.8,776.0
2103.3,776.0
2103.8,776.0
2104.3,1442.0
2104.8,443.0
2105.3,998.0
2105.9,1553.0
2106.4,776.0
2106.9,1220.0
2107.4,887.0
2107.9,998.0
2108.4,1220.0
2108.9,776.0
2109.4,1442.0
2109.9,776.0
2110.4,776.0
2110.9,887.0
2111.4,887.0
2111.9,776.0
