0,40,0.195,781
53,51,0.249,996
76,39,0.190,761
101,39,0.190,761
125,38,0.186,742
149,50,0.244,976
173,39,0.190,761
197,37,0.181,722
221,39,0.190,761
245,37,0.181,722
269,47,0.229,917
294,47,0.229,917
317,37,0.181,722
342,40,0.195,781
365,36,0.176,703
390,36,0.176,703
413,37,0.181,722
438,38,0.186,742
461,38,0.186,742
486,37,0.181,722
510,38,0.186,742
534,37,0.181,722
558,44,0.215,859
581,37,0.181,722
606,38,0.186,742
630,45,0.220,878
654,45,0.220,878
678,45,0.220,878
702,45,0.220,878
731,45,0.220,878
753,39,0.190,761
777,45,0.220,878
799,44,0.215,859
823,37,0.181,722
845,43,0.210,839
869,44,0.215,859
892,44,0.215,859
915,37,0.181,722
939,44,0.215,859
961,36,0.176,703
985,37,0.181,722
1007,36,0.176,703
1031,36,0.176,703
1054,36,0.176,703
1077,37,0.181,722
1100,37,0.181,722
1123,37,0.181,722
1147,36,0.176,703
1169,38,0.186,742
1193,37,0.181,722
1216,45,0.220,878
1239,36,0.176,703
1262,44,0.215,859
1286,44,0.215,859
1308,37,0.181,722
1332,41,0.200,800
1354,40,0.195,781
1383,39,0.190,761
1407,39,0.190,761
1429,39,0.190,761
1453,38,0.186,742
1476,37,0.181,722
1499,38,0.186,742
1522,37,0.181,722
1546,37,0.181,722
1568,36,0.176,703
1592,37,0.181,722
1614,37,0.181,722
1638,36,0.176,703
1661,36,0.176,703
1684,37,0.181,722
1708,37,0.181,722
1730,37,0.181,722
1754,37,0.181,722
1776,37,0.181,722
1800,36,0.176,703
1822,36,0.176,703
1846,37,0.181,722
1869,36,0.176,703
1892,36,0.176,703
1916,36,0.176,703
1938,36,0.176,703
1962,36,0.176,703
1985,36,0.176,703
2013,36,0.176,703
2035,36,0.176,703
2059,36,0.176,703
2081,36,0.176,703
2105,36,0.176,703
2128,37,0.181,722
2151,37,0.181,722
2175,37,0.181,722
2197,37,0.181,722
2221,36,0.176,703
2243,36,0.176,703
2267,37,0.181,722
2289,37,0.181,722
2313,38,0.186,742
2335,37,0.181,722
2359,36,0.176,703
2382,39,0.190,761
2406,37,0.181,722
2440,37,0.181,722
2463,38,0.186,742
2486,38,0.186,742
2509,39,0.190,761
2533,38,0.186,742
2556,39,0.190,761
2579,38,0.186,742
2603,38,0.186,742
2625,38,0.186,742
2654,38,0.186,742
2677,38,0.186,742
2701,39,0.190,761
2723,38,0.186,742
2747,38,0.186,742
2771,37,0.181,722
2793,37,0.181,722
2817,36,0.176,703
2840,37,0.181,722
2863,37,0.181,722
2886,38,0.186,742
2910,37,0.181,722
2932,37,0.181,722
2956,37,0.181,722
2979,36,0.176,703
3002,38,0.186,742
3026,37,0.181,722
3049,38,0.186,742
3072,37,0.181,722
3095,39,0.190,761
3119,39,0.190,761
3141,41,0.200,800
3165,41,0.200,800
3188,39,0.190,761
3211,38,0.186,742
3234,37,0.181,722
3257,38,0.186,742
3285,39,0.190,761
3308,39,0.190,761
3332,37,0.181,722
3354,42,0.205,820
3378,43,0.210,839
3401,46,0.225,898
3424,43,0.210,839
3447,44,0.215,859
3471,44,0.215,859
3494,44,0.215,859
3517,44,0.215,859
3540,43,0.210,839
3563,43,0.210,839
3587,41,0.200,800
3609,41,0.200,800
3633,39,0.190,761
3655,42,0.205,820
3679,41,0.200,800
3702,42,0.205,820
3725,39,0.190,761
3749,39,0.190,761
3771,39,0.190,761
3795,38,0.186,742
3818,39,0.190,761
3841,40,0.195,781
3864,42,0.205,820
3888,43,0.210,839
3916,42,0.205,820
3939,41,0.200,800
3963,40,0.195,781
3985,41,0.200,800
4009,43,0.210,839
4032,43,0.210,839
4055,40,0.195,781
4078,42,0.205,820
4101,40,0.195,781
4124,42,0.205,820
4148,41,0.200,800
4170,41,0.200,800
4194,40,0.195,781
4216,39,0.190,761
4240,39,0.190,761
4264,40,0.195,781
4286,40,0.195,781
4310,41,0.200,800
4332,43,0.210,839
4356,42,0.205,820
4379,37,0.181,722
4402,42,0.205,820
4425,40,0.195,781
4448,45,0.220,878
4471,42,0.205,820
4495,42,0.205,820
4518,37,0.181,722
4538,41,0.200,800
4562,40,0.195,781
4584,41,0.200,800
4608,41,0.200,800
4631,41,0.200,800
4654,40,0.195,781
4677,41,0.200,800
4700,41,0.200,800
4723,41,0.200,800
4747,41,0.200,800
4769,41,0.200,800
4793,38,0.186,742
4816,39,0.190,761
4839,38,0.186,742
4862,39,0.190,761
4885,45,0.220,878
4909,45,0.220,878
4931,44,0.215,859
4955,43,0.210,839
4977,43,0.210,839
5001,43,0.210,839
5024,42,0.205,820
5047,39,0.190,761
5070,42,0.205,820
5093,45,0.220,878
5117,44,0.215,859
5144,44,0.215,859
5167,44,0.215,859
5190,44,0.215,859
5213,43,0.210,839
5236,45,0.220,878
5259,44,0.215,859
5282,43,0.210,839
5306,43,0.210,839
5329,43,0.210,839
5353,45,0.220,878
5387,42,0.205,820
5410,42,0.205,820
5434,39,0.190,761
5457,43,0.210,839
5480,46,0.225,898
5504,38,0.186,742
5526,39,0.190,761
5550,39,0.190,761
5572,38,0.186,742
5596,38,0.186,742
5619,38,0.186,742
5642,43,0.210,839
5665,43,0.210,839
5689,37,0.181,722
5712,37,0.181,722
5735,38,0.186,742
5758,38,0.186,742
5787,38,0.186,742
5810,38,0.186,742
5833,39,0.190,761
5856,39,0.190,761
5879,37,0.181,722
5903,37,0.181,722
5926,39,0.190,761
5949,39,0.190,761
5973,38,0.186,742
5995,38,0.186,742
6019,41,0.200,800
6042,43,0.210,839
6065,43,0.210,839
6088,41,0.200,800
6112,41,0.200,800
6134,39,0.190,761
6158,40,0.195,781
6182,39,0.190,761
6204,39,0.190,761
6228,39,0.190,761
6251,41,0.200,800
6274,41,0.200,800
6297,41,0.200,800
6320,41,0.200,800
6343,42,0.205,820
6367,41,0.200,800
6389,40,0.195,781
6417,39,0.190,761
6441,39,0.190,761
6463,41,0.200,800
6487,40,0.195,781
6509,40,0.195,781
6533,39,0.190,761
6556,39,0.190,761
6579,39,0.190,761
6602,38,0.186,742
6625,37,0.181,722
6648,37,0.181,722
6671,38,0.186,742
6695,37,0.181,722
6718,38,0.186,742
6741,44,0.215,859
6764,43,0.210,839
6787,38,0.186,742
6810,43,0.210,839
6833,37,0.181,722
6856,42,0.205,820
6880,40,0.195,781
6902,41,0.200,800
6926,39,0.190,761
6949,39,0.190,761
6972,41,0.200,800
6996,40,0.195,781
7018,38,0.186,742
7047,41,0.200,800
7070,41,0.200,800
7093,41,0.200,800
7116,39,0.190,761
7140,41,0.200,800
7163,40,0.195,781
7186,41,0.200,800
7209,40,0.195,781
7232,40,0.195,781
7256,44,0.215,859
7278,43,0.210,839
7302,40,0.195,781
7324,41,0.200,800
7348,43,0.210,839
7370,41,0.200,800
7394,42,0.205,820
7416,44,0.215,859
7440,45,0.220,878
7464,42,0.205,820
7486,42,0.205,820
7510,47,0.229,917
7532,41,0.200,800
7556,41,0.200,800
7579,40,0.195,781
7602,40,0.195,781
7625,41,0.200,800
7648,40,0.195,781
7676,40,0.195,781
7699,40,0.195,781
7722,40,0.195,781
7745,40,0.195,781
7769,39,0.190,761
7791,41,0.200,800
7815,42,0.205,820
7837,41,0.200,800
7861,41,0.200,800
7883,39,0.190,761
7907,42,0.205,820
7931,40,0.195,781
7953,40,0.195,781
7977,39,0.190,761
7999,40,0.195,781
8023,40,0.195,781
8046,41,0.200,800
8069,42,0.205,820
8092,43,0.210,839
8115,44,0.215,859
8138,42,0.205,820
8161,47,0.229,917
8184,50,0.244,976
8207,48,0.234,937
8231,41,0.200,800
8254,42,0.205,820
8277,42,0.205,820
8317,42,0.205,820
8340,41,0.200,800
8364,41,0.200,800
8387,40,0.195,781
8410,40,0.195,781
8433,41,0.200,800
8456,41,0.200,800
8479,44,0.215,859
8503,42,0.205,820
8525,41,0.200,800
8549,45,0.220,878
8573,45,0.220,878
8595,44,0.215,859
8619,44,0.215,859
8642,42,0.205,820
8665,42,0.205,820
8688,43,0.210,839
8712,43,0.210,839
8734,46,0.225,898
8758,41,0.200,800
8781,41,0.200,800
8804,47,0.229,917
8828,48,0.234,937
8851,44,0.215,859
8874,39,0.190,761
8897,39,0.190,761
8920,44,0.215,859
8947,41,0.200,800
8971,41,0.200,800
8994,42,0.205,820
9017,43,0.210,839
9041,43,0.210,839
9063,44,0.215,859
9087,45,0.220,878
9110,43,0.210,839
9133,43,0.210,839
9156,43,0.210,839
9180,43,0.210,839
9202,43,0.210,839
9226,41,0.200,800
9248,41,0.200,800
9272,42,0.205,820
9296,42,0.205,820
9318,42,0.205,820
9342,47,0.229,917
9365,42,0.205,820
9388,43,0.210,839
9411,41,0.200,800
9434,44,0.215,859
9457,42,0.205,820
9481,41,0.200,800
9503,42,0.205,820
9527,42,0.205,820
9549,41,0.200,800
9579,47,0.229,917
9602,41,0.200,800
9625,41,0.200,800
9648,41,0.200,800
9671,42,0.205,820
9695,41,0.200,800
9717,48,0.234,937
9741,43,0.210,839
9765,41,0.200,800
9787,41,0.200,800
9811,41,0.200,800
9833,41,0.200,800
9857,43,0.210,839
9879,41,0.200,800
9903,41,0.200,800
9925,41,0.200,800
9949,48,0.234,937
9972,41,0.200,800
9995,41,0.200,800
10018,41,0.200,800
10041,41,0.200,800
10065,40,0.195,781
10088,41,0.200,800
10111,41,0.200,800
10134,40,0.195,781
10157,41,0.200,800
10180,41,0.200,800
10208,40,0.195,781
10231,41,0.200,800
10254,41,0.200,800
10278,41,0.200,800
10300,41,0.200,800
10324,42,0.205,820
10347,42,0.205,820
10370,44,0.215,859
10393,43,0.210,839
10416,43,0.210,839
10439,43,0.210,839
10463,40,0.195,781
10485,40,0.195,781
10509,46,0.225,898
10531,42,0.205,820
10555,41,0.200,800
10578,41,0.200,800
10601,41,0.200,800
10625,41,0.200,800
10647,41,0.200,800
10671,42,0.205,820
10694,39,0.190,761
10717,40,0.195,781
10740,40,0.195,781
10763,42,0.205,820
10792,41,0.200,800
10815,41,0.200,800
10839,41,0.200,800
10861,45,0.220,878
10885,41,0.200,800
10907,40,0.195,781
10931,38,0.186,742
10954,40,0.195,781
10977,40,0.195,781
11000,40,0.195,781
11023,40,0.195,781
11047,40,0.195,781
11070,41,0.200,800
11093,42,0.205,820
11116,41,0.200,800
11139,42,0.205,820
11162,39,0.190,761
11185,41,0.200,800
11208,40,0.195,781
11232,41,0.200,800
11267,46,0.225,898
11289,40,0.195,781
11313,42,0.205,820
11336,42,0.205,820
11360,45,0.220,878
11382,40,0.195,781
11410,41,0.200,800
11434,42,0.205,820
11457,42,0.205,820
11480,42,0.205,820
11503,40,0.195,781
11527,41,0.200,800
11549,41,0.200,800
11573,41,0.200,800
11596,41,0.200,800
11619,41,0.200,800
11643,41,0.200,800
11665,41,0.200,800
11689,40,0.195,781
11712,41,0.200,800
11735,40,0.195,781
11758,41,0.200,800
11782,41,0.200,800
11804,41,0.200,800
11828,47,0.229,917
11851,42,0.205,820
11874,45,0.220,878
11897,46,0.225,898
11921,40,0.195,781
11944,40,0.195,781
11967,41,0.200,800
11996,40,0.195,781
12019,39,0.190,761
12042,41,0.200,800
12065,41,0.200,800
12089,40,0.195,781
12112,40,0.195,781
12135,39,0.190,761
12159,40,0.195,781
12181,40,0.195,781
12205,42,0.205,820
12228,42,0.205,820
12251,40,0.195,781
12274,47,0.229,917
12298,41,0.200,800
12320,40,0.195,781
12344,41,0.200,800
12366,40,0.195,781
12390,40,0.195,781
12414,41,0.200,800
12436,40,0.195,781
12460,41,0.200,800
12483,41,0.200,800
12506,47,0.229,917
12529,46,0.225,898
12552,42,0.205,820
12575,41,0.200,800
12603,39,0.190,761
12627,40,0.195,781
12649,40,0.195,781
12673,41,0.200,800
12695,41,0.200,800
12719,41,0.200,800
12742,41,0.200,800
12765,40,0.195,781
12788,41,0.200,800
12811,41,0.200,800
12834,39,0.190,761
12857,40,0.195,781
12881,40,0.195,781
12904,40,0.195,781
12927,40,0.195,781
12950,41,0.200,800
12974,40,0.195,781
12996,42,0.205,820
13020,39,0.190,761
13042,40,0.195,781
13066,40,0.195,781
13089,43,0.210,839
13112,40,0.195,781
13136,39,0.190,761
13158,41,0.200,800
13182,42,0.205,820
13210,42,0.205,820
13234,42,0.205,820
13256,43,0.210,839
13280,42,0.205,820
13302,42,0.205,820
13326,44,0.215,859
13350,43,0.210,839
13372,43,0.210,839
13396,41,0.200,800
13418,42,0.205,820
13442,46,0.225,898
13465,43,0.210,839
13488,43,0.210,839
13511,43,0.210,839
13535,42,0.205,820
13557,45,0.220,878
13581,43,0.210,839
13603,42,0.205,820
13627,42,0.205,820
13651,42,0.205,820
13673,43,0.210,839
13697,40,0.195,781
13719,43,0.210,839
13743,43,0.210,839
13766,42,0.205,820
13793,42,0.205,820
13816,42,0.205,820
13840,40,0.195,781
13863,42,0.205,820
13886,41,0.200,800
13909,43,0.210,839
13932,42,0.205,820
13956,39,0.190,761
13978,43,0.210,839
14002,43,0.210,839
14024,42,0.205,820
14048,42,0.205,820
14070,41,0.200,800
14094,42,0.205,820
14118,41,0.200,800
14140,42,0.205,820
14164,42,0.205,820
14188,43,0.210,839
14221,42,0.205,820
14245,42,0.205,820
14268,41,0.200,800
14291,40,0.195,781
14314,40,0.195,781
14338,41,0.200,800
14360,39,0.190,761
14384,39,0.190,761
14412,40,0.195,781
14436,40,0.195,781
14460,40,0.195,781
14482,41,0.200,800
14506,43,0.210,839
14529,41,0.200,800
14552,41,0.200,800
14575,40,0.195,781
14599,42,0.205,820
14622,42,0.205,820
14645,45,0.220,878
14668,42,0.205,820
14692,40,0.195,781
14715,41,0.200,800
14738,40,0.195,781
14762,41,0.200,800
14784,40,0.195,781
14808,42,0.205,820
14831,40,0.195,781
14854,40,0.195,781
14877,41,0.200,800
14900,40,0.195,781
14923,40,0.195,781
14947,39,0.190,761
14969,39,0.190,761
14997,43,0.210,839
15021,41,0.200,800
15044,42,0.205,820
15067,39,0.190,761
15090,39,0.190,761
15114,42,0.205,820
15136,40,0.195,781
15160,42,0.205,820
15184,41,0.200,800
15206,40,0.195,781
15230,39,0.190,761
15253,41,0.200,800
15276,41,0.200,800
15299,41,0.200,800
15322,40,0.195,781
15345,40,0.195,781
15369,41,0.200,800
15391,41,0.200,800
15415,39,0.190,761
15438,39,0.190,761
15461,39,0.190,761
15485,39,0.190,761
15507,39,0.190,761
15531,42,0.205,820
15554,46,0.225,898
15577,41,0.200,800
15605,40,0.195,781
15629,40,0.195,781
15653,42,0.205,820
15675,46,0.225,898
15699,38,0.186,742
15721,38,0.186,742
15745,39,0.190,761
15768,44,0.215,859
15791,39,0.190,761
15814,40,0.195,781
15837,40,0.195,781
15860,41,0.200,800
15884,41,0.200,800
15906,41,0.200,800
15930,43,0.210,839
15953,43,0.210,839
15976,43,0.210,839
16000,43,0.210,839
16022,42,0.205,820
16046,40,0.195,781
16068,39,0.190,761
16092,39,0.190,761
16115,41,0.200,800
16138,42,0.205,820
16161,41,0.200,800
16184,40,0.195,781
16212,41,0.200,800
16235,42,0.205,820
16258,41,0.200,800
16281,40,0.195,781
16305,41,0.200,800
16327,41,0.200,800
16351,41,0.200,800
16373,42,0.205,820
16397,40,0.195,781
16421,40,0.195,781
16443,41,0.200,800
16467,41,0.200,800
16489,39,0.190,761
16513,41,0.200,800
16536,42,0.205,820
16559,43,0.210,839
16582,41,0.200,800
16605,41,0.200,800
16628,41,0.200,800
16651,41,0.200,800
16674,42,0.205,820
16698,41,0.200,800
16721,42,0.205,820
16744,41,0.200,800
16768,42,0.205,820
16796,42,0.205,820
16819,41,0.200,800
16842,41,0.200,800
16865,41,0.200,800
16888,39,0.190,761
16912,40,0.195,781
16935,41,0.200,800
16958,40,0.195,781
16981,40,0.195,781
17004,40,0.195,781
17028,40,0.195,781
17050,41,0.200,800
17074,41,0.200,800
17096,41,0.200,800
17120,41,0.200,800
17155,42,0.205,820
17178,40,0.195,781
17201,41,0.200,800
17224,41,0.200,800
17248,41,0.200,800
17271,41,0.200,800
17294,41,0.200,800
17318,41,0.200,800
17341,41,0.200,800
17364,40,0.195,781
17387,41,0.200,800
17415,41,0.200,800
17438,40,0.195,781
17461,41,0.200,800
17484,40,0.195,781
17508,40,0.195,781
17531,40,0.195,781
17554,39,0.190,761
17578,40,0.195,781
17600,41,0.200,800
17624,40,0.195,781
17647,40,0.195,781
17670,42,0.205,820
17693,41,0.200,800
17717,41,0.200,800
17739,41,0.200,800
17763,41,0.200,800
17785,41,0.200,800
17809,41,0.200,800
17833,41,0.200,800
17855,41,0.200,800
17879,40,0.195,781
17902,41,0.200,800
17925,40,0.195,781
17948,41,0.200,800
17972,40,0.195,781
18001,41,0.200,800
18023,40,0.195,781
18047,40,0.195,781
18070,40,0.195,781
18093,40,0.195,781
18116,40,0.195,781
18140,40,0.195,781
18162,39,0.190,761
18186,40,0.195,781
18209,41,0.200,800
18232,41,0.200,800
18256,41,0.200,800
18278,41,0.200,800
18302,40,0.195,781
18325,41,0.200,800
18348,40,0.195,781
18371,40,0.195,781
18395,41,0.200,800
18417,39,0.190,761
18441,40,0.195,781
18463,41,0.200,800
18487,41,0.200,800
18510,41,0.200,800
18533,40,0.195,781
18557,40,0.195,781
18579,42,0.205,820
18607,39,0.190,761
18630,39,0.190,761
18653,39,0.190,761
18676,40,0.195,781
18700,40,0.195,781
18722,40,0.195,781
18746,39,0.190,761
18770,41,0.200,800
18792,41,0.200,800
18816,40,0.195,781
18838,39,0.190,761
18862,39,0.190,761
18885,39,0.190,761
18908,39,0.190,761
18931,39,0.190,761
18954,40,0.195,781
18977,39,0.190,761
19001,39,0.190,761
19024,39,0.190,761
19047,40,0.195,781
19070,39,0.190,761
19093,41,0.200,800
19117,41,0.200,800
19139,41,0.200,800
19163,40,0.195,781
19185,39,0.190,761
19214,39,0.190,761
19238,40,0.195,781
19261,40,0.195,781
19284,39,0.190,761
19307,41,0.200,800
19330,40,0.195,781
19353,40,0.195,781
19376,40,0.195,781
19399,40,0.195,781
19423,39,0.190,761
19445,40,0.195,781
19469,41,0.200,800
19493,40,0.195,781
19515,39,0.190,761
19539,39,0.190,761
19561,40,0.195,781
19585,39,0.190,761
19608,40,0.195,781
19631,40,0.195,781
19654,41,0.200,800
19677,39,0.190,761
19700,40,0.195,781
19723,40,0.195,781
19746,39,0.190,761
19770,39,0.190,761
19798,39,0.190,761
19821,39,0.190,761
19845,39,0.190,761
19868,40,0.195,781
19892,39,0.190,761
19915,40,0.195,781
19939,42,0.205,820
19963,39,0.190,761
19986,39,0.190,761
20010,39,0.190,761
20033,39,0.190,761
20057,40,0.195,781
20081,41,0.200,800
20115,40,0.195,781
20140,41,0.200,800
20163,41,0.200,800
20187,40,0.195,781
20210,40,0.195,781
20234,40,0.195,781
20257,40,0.195,781
20282,39,0.190,761
20306,40,0.195,781
20329,41,0.200,800
20353,42,0.205,820
20376,41,0.200,800
20400,41,0.200,800
20429,41,0.200,800
20453,41,0.200,800
20477,40,0.195,781
20500,39,0.190,761
20524,40,0.195,781
20547,41,0.200,800
20571,40,0.195,781
20594,40,0.195,781
20619,40,0.195,781
20642,40,0.195,781
20666,39,0.190,761
20690,40,0.195,781
20713,40,0.195,781
20737,40,0.195,781
20760,41,0.200,800
20784,41,0.200,800
20808,41,0.200,800
20832,40,0.195,781
20855,41,0.200,800
20879,40,0.195,781
20903,40,0.195,781
20926,41,0.200,800
20950,41,0.200,800
20973,40,0.195,781
20998,41,0.200,800
21025,42,0.205,820
21049,40,0.195,781
21073,40,0.195,781
21096,41,0.200,800
21120,40,0.195,781
21143,42,0.205,820
21167,41,0.200,800
21190,40,0.195,781
21215,40,0.195,781
21238,40,0.195,781
21262,40,0.195,781
21286,41,0.200,800
21309,39,0.190,761
21333,41,0.200,800
21356,41,0.200,800
21380,40,0.195,781
21403,42,0.205,820
21427,41,0.200,800
21450,41,0.200,800
21474,42,0.205,820
21499,41,0.200,800
21522,40,0.195,781
21546,40,0.195,781
21569,40,0.195,781
21593,41,0.200,800
21616,42,0.205,820
21645,39,0.190,761
21669,40,0.195,781
21692,41,0.200,800
21717,40,0.195,781
21740,39,0.190,761
21764,40,0.195,781
21787,41,0.200,800
21811,41,0.200,800
21834,40,0.195,781
21858,40,0.195,781
21881,40,0.195,781
21905,40,0.195,781
21929,40,0.195,781
21952,40,0.195,781
21976,42,0.205,820
21999,41,0.200,800
22023,40,0.195,781
22047,39,0.190,761
22071,39,0.190,761
22094,40,0.195,781
22118,42,0.205,820
22142,41,0.200,800
22165,45,0.220,878
22189,43,0.210,839
22212,40,0.195,781
22236,43,0.210,839
22263,40,0.195,781
22287,41,0.200,800
22311,43,0.210,839
22335,41,0.200,800
22359,41,0.200,800
22382,41,0.200,800
22406,40,0.195,781
22429,44,0.215,859
22453,44,0.215,859
22476,42,0.205,820
22500,41,0.200,800
22524,42,0.205,820
22547,41,0.200,800
22571,42,0.205,820
22594,41,0.200,800
22618,41,0.200,800
22641,41,0.200,800
22665,40,0.195,781
22688,40,0.195,781
22712,39,0.190,761
22736,40,0.195,781
22759,39,0.190,761
22783,39,0.190,761
22807,40,0.195,781
22831,39,0.190,761
22859,46,0.225,898
22883,39,0.190,761
22907,43,0.210,839
22930,43,0.210,839
22954,43,0.210,839
22977,43,0.210,839
23001,45,0.220,878
23025,45,0.220,878
23049,41,0.200,800
23072,41,0.200,800
23107,42,0.205,820
23131,42,0.205,820
23154,42,0.205,820
23179,42,0.205,820
23202,43,0.210,839
23226,43,0.210,839
23250,41,0.200,800
23273,41,0.200,800
23297,40,0.195,781
23321,43,0.210,839
23345,41,0.200,800
23368,43,0.210,839
23392,42,0.205,820
23415,41,0.200,800
23440,42,0.205,820
23464,42,0.205,820
23491,43,0.210,839
23515,40,0.195,781
23538,44,0.215,859
23562,44,0.215,859
23585,43,0.210,839
23609,43,0.210,839
23634,40,0.195,781
23657,42,0.205,820
23681,41,0.200,800
23704,45,0.220,878
23728,39,0.190,761
23751,41,0.200,800
23775,43,0.210,839
23798,42,0.205,820
23822,42,0.205,820
23847,40,0.195,781
23870,44,0.215,859
23894,42,0.205,820
23917,41,0.200,800
23941,41,0.200,800
23964,41,0.200,800
23988,42,0.205,820
24011,42,0.205,820
24035,42,0.205,820
24059,40,0.195,781
24088,45,0.220,878
24112,41,0.200,800
24135,44,0.215,859
24159,42,0.205,820
24182,42,0.205,820
24206,41,0.200,800
24230,41,0.200,800
24253,40,0.195,781
24278,40,0.195,781
24301,41,0.200,800
24325,41,0.200,800
24348,41,0.200,800
24372,42,0.205,820
24395,42,0.205,820
24419,41,0.200,800
24443,42,0.205,820
24466,40,0.195,781
24490,42,0.205,820
24513,41,0.200,800
24537,41,0.200,800
24560,42,0.205,820
24584,41,0.200,800
24608,43,0.210,839
24632,43,0.210,839
24656,41,0.200,800
24679,42,0.205,820
24707,41,0.200,800
24730,41,0.200,800
24754,42,0.205,820
24777,41,0.200,800
24801,42,0.205,820
24824,41,0.200,800
24849,40,0.195,781
24873,41,0.200,800
24896,41,0.200,800
24920,40,0.195,781
24943,40,0.195,781
24967,40,0.195,781
24990,40,0.195,781
25014,40,0.195,781
25037,40,0.195,781
25061,41,0.200,800
25085,40,0.195,781
25108,40,0.195,781
25132,39,0.190,761
25155,39,0.190,761
25179,39,0.190,761
25202,41,0.200,800
25227,40,0.195,781
25250,41,0.200,800
25274,42,0.205,820
25298,42,0.205,820
25326,43,0.210,839
25350,40,0.195,781
25373,41,0.200,800
25397,41,0.200,800
25420,41,0.200,800
25444,43,0.210,839
25468,41,0.200,800
25492,40,0.195,781
25516,42,0.205,820
25539,42,0.205,820
25563,42,0.205,820
25586,42,0.205,820
25610,41,0.200,800
25633,41,0.200,800
25657,41,0.200,800
25681,46,0.225,898
25704,42,0.205,820
25728,41,0.200,800
25751,41,0.200,800
25775,40,0.195,781
25798,40,0.195,781
25822,39,0.190,761
25845,39,0.190,761
25869,40,0.195,781
25893,39,0.190,761
25921,39,0.190,761
25945,39,0.190,761
25968,41,0.200,800
25992,42,0.205,820
26015,42,0.205,820
26039,43,0.210,839
26062,44,0.215,859
26087,42,0.205,820
26121,40,0.195,781
26145,41,0.200,800
26169,41,0.200,800
26193,41,0.200,800
26216,42,0.205,820
26240,42,0.205,820
26263,41,0.200,800
26287,40,0.195,781
26310,43,0.210,839
26335,52,0.254,1015
26358,51,0.249,996
26382,51,0.249,996
26406,49,0.239,957
26429,47,0.229,917
26453,42,0.205,820
26476,43,0.210,839
26500,42,0.205,820
26523,42,0.205,820
26553,42,0.205,820
26577,42,0.205,820
26600,42,0.205,820
26624,42,0.205,820
26647,42,0.205,820
26671,42,0.205,820
26694,42,0.205,820
26718,42,0.205,820
26742,42,0.205,820
26766,43,0.210,839
26790,41,0.200,800
26813,41,0.200,800
26837,44,0.215,859
26860,43,0.210,839
26884,43,0.210,839
26908,43,0.210,839
26932,47,0.229,917
26955,44,0.215,859
26979,45,0.220,878
27003,44,0.215,859
27026,45,0.220,878
27050,43,0.210,839
27073,42,0.205,820
27098,43,0.210,839
27121,42,0.205,820
27149,42,0.205,820
27173,55,0.269,1074
27196,41,0.200,800
27220,42,0.205,820
27243,42,0.205,820
27268,41,0.200,800
27291,40,0.195,781
27315,41,0.200,800
27338,42,0.205,820
27362,41,0.200,800
27385,42,0.205,820
27409,40,0.195,781
27433,40,0.195,781
27456,41,0.200,800
27480,41,0.200,800
27503,41,0.200,800
27527,40,0.195,781
27551,41,0.200,800
27575,39,0.190,761
27598,41,0.200,800
27622,41,0.200,800
27646,41,0.200,800
27669,41,0.200,800
27693,39,0.190,761
27716,39,0.190,761
27740,39,0.190,761
27768,40,0.195,781
27793,39,0.190,761
27817,39,0.190,761
27840,39,0.190,761
27864,39,0.190,761
27887,39,0.190,761
27911,40,0.195,781
27934,40,0.195,781
27958,41,0.200,800
27981,41,0.200,800
28005,39,0.190,761
28029,40,0.195,781
28052,40,0.195,781
28076,40,0.195,781
28099,39,0.190,761
28123,41,0.200,800
28146,44,0.215,859
28170,40,0.195,781
28193,40,0.195,781
28217,42,0.205,820
28242,40,0.195,781
28265,40,0.195,781
28289,40,0.195,781
28312,40,0.195,781
28336,41,0.200,800
28359,41,0.200,800
28387,41,0.200,800
28411,41,0.200,800
28434,40,0.195,781
28458,41,0.200,800
28481,40,0.195,781
28505,42,0.205,820
28529,40,0.195,781
28553,39,0.190,761
28576,40,0.195,781
28600,40,0.195,781
28624,41,0.200,800
28647,41,0.200,800
28671,40,0.195,781
28694,40,0.195,781
28718,41,0.200,800
28741,40,0.195,781
28765,39,0.190,761
28788,40,0.195,781
28812,39,0.190,761
28835,39,0.190,761
28859,39,0.190,761
28883,39,0.190,761
28907,41,0.200,800
28931,39,0.190,761
28954,40,0.195,781
28983,41,0.200,800
29006,41,0.200,800
29030,40,0.195,781
29054,41,0.200,800
29077,41,0.200,800
29113,42,0.205,820
29137,45,0.220,878
29160,42,0.205,820
29184,41,0.200,800
29208,41,0.200,800
29232,41,0.200,800
29255,41,0.200,800
29279,44,0.215,859
29302,41,0.200,800
29326,41,0.200,800
29350,41,0.200,800
29373,40,0.195,781
29398,40,0.195,781
29421,41,0.200,800
29445,40,0.195,781
29468,40,0.195,781
29492,40,0.195,781
29515,39,0.190,761
29539,39,0.190,761
29564,41,0.200,800
29587,40,0.195,781
29615,41,0.200,800
29638,41,0.200,800
29662,42,0.205,820
29686,41,0.200,800
29710,41,0.200,800
29734,40,0.195,781
29757,43,0.210,839
29781,41,0.200,800
29804,41,0.200,800
29828,41,0.200,800
29851,41,0.200,800
29875,41,0.200,800
29898,40,0.195,781
29922,40,0.195,781
29945,40,0.195,781
29970,41,0.200,800
29994,41,0.200,800
30017,42,0.205,820
30041,42,0.205,820
30064,41,0.200,800
30088,40,0.195,781
30111,41,0.200,800
30135,40,0.195,781
30158,40,0.195,781
30182,40,0.195,781
30212,41,0.200,800
30235,41,0.200,800
30259,41,0.200,800
30282,40,0.195,781
30306,40,0.195,781
30329,40,0.195,781
30353,39,0.190,761
30377,40,0.195,781
30400,40,0.195,781
30424,39,0.190,761
30447,40,0.195,781
30472,40,0.195,781
30495,39,0.190,761
30519,40,0.195,781
30542,40,0.195,781
30566,40,0.195,781
30590,42,0.205,820
30613,40,0.195,781
30637,41,0.200,800
30660,43,0.210,839
30684,41,0.200,800
30707,41,0.200,800
30731,42,0.205,820
30755,40,0.195,781
30779,41,0.200,800
30803,42,0.205,820
30830,41,0.200,800
30854,41,0.200,800
30877,41,0.200,800
30901,40,0.195,781
30924,41,0.200,800
30948,41,0.200,800
30972,41,0.200,800
30995,40,0.195,781
31020,40,0.195,781
31043,40,0.195,781
31067,40,0.195,781
31090,42,0.205,820
31114,41,0.200,800
31137,41,0.200,800
31161,36,0.176,703
31185,753,3.677,14707
31208,42,0.205,820
31232,41,0.200,800
31255,47,0.229,917
31279,42,0.205,820
31302,45,0.220,878
31326,42,0.205,820
31352,41,0.200,800
31376,42,0.205,820
31400,43,0.210,839
31432,40,0.195,781
31456,41,0.200,800
31479,44,0.215,859
31503,42,0.205,820
31527,45,0.220,878
31552,38,0.186,742
31576,39,0.190,761
31599,43,0.210,839
31623,38,0.186,742
31646,47,0.229,917
31671,41,0.200,800
31694,39,0.190,761
31718,42,0.205,820
31742,39,0.190,761
31765,40,0.195,781
31791,39,0.190,761
31814,41,0.200,800
31838,41,0.200,800
31861,40,0.195,781
31885,41,0.200,800
31909,42,0.205,820
31932,41,0.200,800
31956,41,0.200,800
31979,41,0.200,800
32003,42,0.205,820
32026,41,0.200,800
32055,41,0.200,800
32078,41,0.200,800
32103,41,0.200,800
32137,41,0.200,800
32161,41,0.200,800
32185,40,0.195,781
32209,41,0.200,800
